128	645

2	127	4	90	
3	1	4	90	14	
4	2	5	71	
5	3	6	2	7	40	1	49	
6	4	7	3	25	
7	5	8	4	40	15	
8	6	9	5	4	73	40	77	
9	7	10	6	22	
10	8	11	7	51	104	
11	9	12	8	13	35	96	
12	10	13	9	15	
13	11	14	10	37	
14	12	15	11	10	104	93	92	
13	16	12	2	64	63	38	
16	17	13	23	6	63	11	18	
17	15	18	14	
18	16	19	15	54	125	114	58	
19	17	20	16	53	23	15	
20	18	21	17	23	
21	19	22	18	100	
22	20	23	19	87	100	
23	21	24	20	114	8	76	
24	22	25	21	15	18	19	
25	23	26	22	69	41	
26	24	27	23	5	71	92	
27	25	28	24	74	44	56	
28	26	29	25	37	
29	27	30	26	31	74	89	
30	28	31	27	107	91	95	
31	29	32	28	
32	30	33	29	28	
31	34	30	37	50	106	
34	35	31	36	
35	33	36	32	74	
36	34	37	33	10	
37	35	38	34	103	33	
38	36	39	35	94	12	101	32	98	27	
39	37	40	36	14	
40	38	41	37	80	
41	39	42	38	94	4	6	7	
42	40	43	39	24	
43	41	44	40	86	
44	42	45	41	
45	43	46	42	76	26	
44	47	43	112	51	49	
47	48	44	123	106	78	109	
48	46	49	45	96	117	
49	47	50	46	122	83	112	
50	48	51	47	45	53	86	4	
51	49	52	48	55	65	32	53	
52	50	53	49	9	94	45	
53	51	54	50	
54	52	55	51	18	56	49	50	
55	53	56	52	17	82	
56	54	57	53	69	104	68	50	74	70	66	
57	55	58	54	53	77	60	26	
58	56	59	55	118	
59	57	60	56	64	65	17	
60	58	61	57	118	65	
61	59	62	58	56	
62	60	63	59	87	65	
63	61	64	60	
64	62	65	61	15	14	
65	63	66	62	58	67	14	
66	64	67	63	58	59	61	76	50	
67	65	68	64	55	76	
68	66	69	65	64	122	
69	67	70	66	55	
70	68	71	67	24	55	72	
71	69	72	68	55	
72	70	73	69	25	3	
73	71	74	70	69	116	
74	72	75	71	7	87	76	
75	73	76	72	34	26	55	28	
76	74	77	73	104	
77	75	78	74	44	65	22	66	73	
78	76	79	75	109	56	7	
79	77	80	76	107	109	46	97	91	
80	78	81	77	93	91	84	
81	79	82	78	39	84	
82	80	83	79	
83	81	84	80	54	
84	82	85	81	48	87	
85	83	86	82	80	79	
86	84	87	83	
87	85	88	84	42	49	
88	86	85	21	61	73	83	
89	87	90	86	92	91	
90	88	91	28	
91	89	92	88	2	1	
92	90	93	89	29	88	79	95	78	
93	91	94	90	88	95	25	114	13	
94	92	95	91	79	13	
95	93	96	92	40	37	51	107	
96	94	97	93	92	29	91	
97	95	98	94	111	47	10	123	126	
98	96	99	95	78	
99	97	100	96	116	37	
100	98	101	97	102	
101	99	102	98	110	20	21	
102	100	103	99	104	106	37	
103	101	104	100	105	99	127	
104	102	105	101	36	
105	103	106	102	101	13	75	55	9	
106	104	107	103	102	
107	105	108	104	109	46	101	111	32	
108	106	109	105	78	29	94	
107	110	106	126	
111	107	113	106	78	77	46	127	
111	112	108	100	
112	110	113	109	96	106	
113	111	110	45	48	
114	112	115	111	109	
115	113	116	17	22	92	
116	114	117	113	
117	115	118	114	98	72	
118	116	119	115	47	
119	117	120	116	59	57	
120	118	121	117	
121	119	122	118	
122	120	123	119	
123	121	124	120	48	67	
124	122	125	121	46	126	96	
125	123	126	122	
126	124	127	123	17	
125	124	123	96	108	
1	125	102	109	
128	533
127	2	126	120	74	
2	3	127	121	
3	1	4	0	
2	5	1	
5	6	2	
6	4	7	3	120	
7	5	8	4	
8	6	9	5	
9	7	10	6	
10	8	11	7	
11	9	12	8	123	
12	10	13	9	
13	11	14	10	
14	12	15	11	83	100	
15	13	16	12	66	
16	14	17	13	
17	15	18	14	
18	16	19	15	
19	17	20	16	81	
20	18	21	17	126	
21	19	22	18	
22	20	23	19	108	
23	21	24	20	
22	25	21	48	
25	26	22	47	
26	24	27	23	
27	25	28	24	
28	26	29	25	
29	27	30	26	108	
30	28	31	27	
31	29	32	28	
32	30	33	29	
33	31	34	30	
34	32	35	31	
35	33	36	32	
36	34	37	33	
37	35	38	34	
38	36	39	35	110	
39	37	40	36	102	
40	38	41	37	
41	39	42	38	
42	40	43	39	
41	44	40	115	
44	45	41	113	
45	43	46	42	71	
46	44	47	43	
47	45	48	44	61	
46	49	45	24	
49	50	46	23	
50	48	51	47	
51	49	52	48	
52	50	53	49	91	120	
53	51	54	50	
54	52	55	51	121	
55	53	56	52	
56	54	57	53	
57	55	58	54	
58	56	59	55	
59	57	60	56	
60	58	61	57	
61	59	62	58	112	
62	60	63	59	46	93	
63	61	64	60	112	
64	62	65	61	
65	63	66	62	
66	64	67	63	
67	65	64	14	
68	66	69	65	
69	67	70	
70	68	71	67	
71	69	72	68	
72	70	73	69	44	
73	71	74	70	
74	72	75	71	
75	73	76	72	0	
76	74	77	73	
77	75	78	74	
78	76	79	75	
79	77	80	76	
80	78	81	77	
81	79	82	78	
82	80	83	79	18	
83	81	84	80	
84	82	85	81	13	
85	83	86	82	
86	84	87	83	
87	85	88	84	
88	86	89	85	
89	87	90	86	
90	88	91	87	122	
91	89	92	88	
92	90	93	89	51	
93	91	94	90	
94	92	95	91	61	
95	93	96	92	
96	94	97	93	
97	95	98	94	
98	96	99	95	
99	97	100	96	
100	98	101	97	
101	99	102	98	13	
102	100	103	99	
103	101	104	100	38	
104	102	105	101	
105	103	106	102	124	
106	104	107	103	124	
107	105	108	104	
108	106	109	105	
109	107	110	106	21	28	
110	108	111	107	
111	109	112	108	37	
112	110	113	109	
113	111	114	110	62	60	
114	112	111	43	
115	113	116	112	
116	114	117	42	
117	115	118	114	
118	116	119	115	
119	117	120	116	
120	118	121	117	
119	122	118	0	51	5	
122	123	119	1	53	
123	121	124	120	89	
124	122	125	121	10	
125	123	126	122	104	105	
126	124	127	123	
127	125	0	124	19	
0	126	1	125	
128	539
1	127	2	126	125	100	102	
2	0	3	126	127	
1	4	0	
4	1	
5	3	6	2	
6	4	7	8	
7	5	4	
8	6	9	5	
9	7	10	5	11	
10	8	11	7	35	
9	12	8	11	
12	13	9	55	8	10	19	14	
13	11	14	10	16	
14	12	15	11	16	17	114	
15	13	16	12	116	11	
16	14	17	13	104	
15	18	14	13	20	12	104	
19	15	13	
19	16	
20	18	17	11	
21	19	22	16	
22	20	23	125	
23	21	24	20	
24	22	25	21	26	
25	23	26	22	
26	24	27	23	28	89	
27	25	24	23	
28	26	29	25	
27	30	25	31	64	32	
30	31	27	
29	32	28	64	
32	33	29	28	35	34	
31	34	30	28	35	
34	35	31	
35	33	36	32	31	
36	34	37	33	31	32	9	
37	35	38	34	
38	36	39	35	
39	37	40	36	41	
40	38	41	37	42	
41	39	42	38	
40	43	39	38	
43	44	40	39	
44	42	45	41	
45	43	46	42	
46	44	47	43	
47	45	44	50	
48	46	49	45	50	
49	47	50	51	
50	48	51	47	
49	52	48	46	47	
52	49	48	
53	51	54	50	
54	52	55	
55	53	56	52	
56	54	57	53	58	11	
57	55	58	54	
58	56	59	55	60	61	
59	57	60	56	55	
58	61	57	
61	62	58	57	65	
62	60	63	59	57	124	
61	64	60	
64	65	61	
63	66	62	30	28	
66	67	63	60	
65	64	
68	69	65	
69	67	70	
68	71	67	
71	72	68	
70	73	69	
73	70	
74	72	75	71	
75	73	76	77	78	
76	74	77	73	
75	78	74	
78	79	75	74	82	
77	80	76	74	82	
80	81	77	
81	79	82	78	84	
82	80	83	79	
81	84	80	78	77	
84	85	81	87	
85	83	86	82	80	
86	84	87	83	99	90	
85	88	84	90	99	
88	89	85	83	
87	90	86	91	
90	91	87	25	
91	89	92	88	86	85	
90	93	89	88	92	
93	94	90	91	
94	92	95	91	122	
93	96	92	
96	93	
97	95	94	
98	96	
99	97	100	
100	98	101	85	86	
101	99	102	98	0	104	
100	103	99	104	
103	104	100	0	
104	102	105	101	107	
105	103	106	102	101	15	16	100	
104	107	103	112	
107	108	104	
106	109	105	103	110	
109	110	106	
110	108	111	107	112	
111	109	112	108	107	
112	110	113	109	
111	114	110	115	109	105	
114	115	111	
115	113	116	112	13	
116	114	117	113	112	
117	115	118	114	14	
118	116	119	115	
117	120	116	
120	121	117	125	127	
119	122	118	124	
122	123	119	124	125	127	126	
123	121	124	120	125	93	
124	122	121	
125	123	126	122	121	120	61	
126	124	127	0	121	21	122	119	
127	125	0	124	1	121	
0	126	125	121	119	1	
128	613
1	127	2	126	100	97	109	
2	0	3	127	87	
3	1	4	0	77	10	
4	2	5	1	
5	3	6	2	58	79	27	
6	4	7	3	79	105	
5	8	4	11	
8	9	5	78	12	99	
9	7	10	6	24	
10	8	11	7	22	101	
11	9	12	8	116	2	104	
10	13	9	70	6	112	
13	14	10	67	7	42	
14	12	15	11	
15	13	16	12	40	
16	14	17	13	33	51	
17	15	18	14	92	97	
18	16	19	15	34	89	88	97	
19	17	20	16	
20	18	21	17	120	39	118	
21	19	22	18	126	123	95	
22	20	23	19	123	106	
23	21	24	20	9	
24	22	25	21	77	72	
25	23	26	22	75	8	
26	24	27	23	61	
27	25	28	24	94	53	121	84	45	
28	26	29	25	40	4	123	
29	27	30	26	105	124	
30	28	31	27	
31	29	32	28	69	34	
32	30	33	29	
33	31	34	30	68	
34	32	35	31	49	101	41	15	
35	33	36	32	17	30	
36	34	37	33	
37	35	38	34	
38	36	39	35	
39	37	40	36	46	119	
40	38	41	37	79	19	
41	39	42	38	27	127	14	
42	40	43	39	33	
43	41	44	40	104	12	
44	42	45	41	93	106	
45	43	46	42	88	
46	44	47	43	80	26	
47	45	48	44	38	
48	46	49	45	
49	47	50	46	52	
50	48	51	47	33	
51	49	52	48	89	74	
52	50	53	49	84	15	
53	51	54	50	48	
54	52	55	51	107	26	118	
53	56	52	85	121	
56	57	53	58	
57	55	58	54	
58	56	59	55	82	
59	57	60	56	4	106	55	
60	58	61	57	
61	59	62	58	114	
62	60	63	59	25	
63	61	64	60	
64	62	65	61	
65	63	66	62	
66	64	67	63	
67	65	68	64	
68	66	69	65	12	70	
69	67	70	66	32	
70	68	71	67	30	
71	69	72	68	84	67	11	92	
72	70	73	69	
73	71	74	70	23	100	
74	72	75	71	
75	73	76	72	77	127	50	
76	74	77	73	24	125	113	
77	75	78	74	
78	76	79	75	86	74	23	2	
79	77	80	76	117	7	
80	78	81	77	5	4	39	
81	79	82	78	45	
82	80	83	79	105	
83	81	84	80	57	
84	82	85	81	109	
85	83	86	82	70	51	26	114	
86	84	87	83	54	
87	85	88	84	77	
88	86	89	85	1	112	
89	87	90	86	44	17	
90	88	91	87	50	17	
91	89	92	88	
92	90	93	89	
93	91	94	90	16	70	
94	92	95	91	43	
95	93	96	92	26	
96	94	97	93	20	
97	95	98	94	121	
98	96	99	95	0	16	17	
99	97	100	96	
100	98	101	97	7	
101	99	102	98	0	106	72	
102	100	103	99	33	9	
103	101	104	100	106	
104	102	105	101	
105	103	106	102	10	42	
106	104	107	103	81	28	5	
107	105	108	104	102	100	58	21	43	
108	106	109	105	53	125	
109	107	110	106	
110	108	111	107	0	83	
111	109	112	108	
112	110	113	109	118	
113	111	114	110	11	87	
114	112	115	111	75	
115	113	116	112	60	84	
116	114	117	113	
117	115	118	114	10	126	
118	116	119	115	78	
119	117	120	116	53	121	111	124	19	
120	118	121	117	124	38	
121	119	122	118	19	
122	120	123	119	96	118	54	26	
123	121	124	120	125	
124	122	121	21	20	27	
125	123	126	122	119	118	28	
126	124	127	122	75	107	
127	125	0	124	20	116	
0	126	1	125	40	74	
128	585
1	127	2	126	54	48	
2	0	3	127	5	4	6	
3	1	0	48	126	
4	2	5	1	48	
5	3	6	1	
6	4	7	3	1	127	50	8	122	
7	5	8	4	1	
8	6	9	5	106	
7	10	6	11	105	107	5	
10	7	12	13	
11	9	12	8	15	
12	10	13	8	15	
13	11	10	9	74	
14	12	15	11	9	
15	13	55	76	
16	14	17	13	11	19	10	
17	15	18	57	
18	16	19	15	
19	17	20	16	
18	21	17	15	
21	18	123	22	
22	20	19	65	
23	21	24	25	125	20	29	
24	22	25	27	
25	23	22	62	60	
26	24	27	23	22	29	
27	25	28	64	39	30	
28	26	29	25	23	64	
27	30	26	64	
30	31	27	25	22	
31	29	32	28	33	26	
32	30	33	29	
33	31	34	30	
34	32	35	31	30	
35	33	36	32	38	
36	34	37	33	
37	35	38	34	40	
38	36	39	35	
37	40	36	41	69	34	
40	41	37	71	43	26	
41	39	42	38	36	71	
42	40	43	39	38	44	
43	41	44	40	
42	41	91	39	62	
45	46	42	93	41	
46	44	47	93	
47	45	48	44	55	
46	49	45	50	
49	46	2	3	0	51	53	
50	48	51	47	79	53	
51	49	52	5	47	79	
50	53	49	79	52	48	
53	54	50	77	51	
54	52	55	51	48	77	56	49	
55	53	56	52	0	
56	54	53	14	46	
57	55	58	54	53	
56	59	16	65	
60	56	68	74	72	75	62	65	69	
60	61	57	66	
61	59	62	58	68	69	67	24	97	
62	60	63	59	
63	61	60	113	24	58	43	91	
64	62	61	76	
65	63	66	26	28	27	
66	64	67	21	75	58	57	
67	65	64	59	
68	66	69	65	60	
69	67	70	58	60	
68	67	38	72	60	58	
71	68	74	
72	70	73	39	106	40	
71	74	75	69	58	
75	71	74	
75	72	58	70	73	12	
74	77	73	72	58	65	
77	78	63	14	
78	76	75	52	53	88	
79	77	80	76	88	
80	78	81	51	49	83	50	
79	78	119	121	
82	83	79	
83	81	84	117	85	
84	82	85	81	79	
85	83	86	82	
86	84	87	83	82	117	
85	88	84	90	98	
89	85	96	
89	90	86	78	77	
90	88	91	87	
91	89	92	88	86	
92	90	89	94	43	62	
93	91	90	113	
94	92	95	45	44	
95	93	96	91	97	115	117	
96	94	97	93	117	
95	94	87	
98	99	95	94	60	
99	97	100	101	86	
100	98	97	
101	99	102	98	103	104	
100	103	98	
103	104	100	
104	102	105	101	100	
105	103	106	102	100	
106	104	107	103	8	108	
107	105	108	104	71	7	
108	106	109	105	8	119	
107	110	106	120	105	112	
110	111	107	121	
111	109	112	108	113	
110	113	109	
113	110	108	
114	112	111	62	92	110	
115	113	116	117	
116	114	117	119	94	
117	115	118	114	
118	116	115	82	94	85	95	114	
119	117	120	116	
120	118	121	115	80	107	
119	122	118	108	121	125	
123	119	109	120	80	
123	124	120	125	127	5	
124	122	121	127	20	
125	123	126	122	127	
126	124	127	122	22	120	
127	125	0	124	2	
0	126	1	125	124	5	122	123	
128	552
1	2	126	3	5	
2	0	3	126	125	5	
3	1	4	0	5	126	
2	5	1	0	
2	7	8	5	
3	2	6	7	4	0	1	
7	8	5	
8	6	9	4	5	
9	7	10	6	12	4	11	
8	11	7	
11	12	8	
12	10	13	9	16	8	
11	14	10	8	16	
14	15	11	16	
15	13	16	12	17	
16	14	17	13	
15	18	14	12	13	11	
18	19	15	21	14	
17	20	16	22	
20	17	22	
21	19	22	18	24	26	27	
20	23	26	17	
23	24	20	19	18	
24	22	25	21	26	
25	23	22	20	27	32	
24	27	23	
27	28	20	21	30	23	
26	29	25	24	20	31	
29	30	26	
30	28	31	27	
31	29	28	26	
30	33	29	32	35	27	
33	34	31	24	
32	35	31	
35	36	32	
34	37	33	38	31	
37	38	34	
38	36	35	
39	37	40	36	35	41	
38	41	
41	42	38	
42	40	39	38	
43	41	44	40	
44	42	45	
45	43	46	42	48	
44	47	43	
47	48	44	49	
46	49	45	50	48	
49	50	46	44	47	
50	48	47	46	
51	49	52	48	47	54	
52	50	53	
51	54	50	
54	55	51	
53	56	52	50	
57	53	59	
57	58	54	
56	55	59	
59	56	
60	58	61	55	57	
61	59	
62	60	63	59	
63	61	64	
62	65	61	64	
65	66	62	67	63	
64	63	104	103	66	
67	68	64	70	65	
68	66	69	70	64	72	74	105	
67	70	66	71	
70	71	67	
69	72	68	67	66	
73	69	68	74	72	
74	70	67	71	
75	71	
75	76	72	67	71	78	
76	74	77	73	81	
75	78	74	77	
78	79	75	76	80	
77	80	76	82	74	
80	81	77	
81	79	78	82	77	
82	80	83	79	75	
83	81	84	80	78	85	
82	85	81	125	87	
85	86	82	124	120	122	
86	84	87	83	82	
87	85	88	84	90	
86	89	85	90	83	91	
89	90	86	93	92	
88	91	87	
91	92	88	87	94	86	
90	89	87	
94	90	88	
94	95	88	
93	96	92	90	98	100	99	95	
97	93	101	100	94	98	
97	98	94	
98	96	99	95	
99	97	96	94	95	
100	98	101	97	102	94	
101	99	102	94	95	103	
102	100	103	99	95	
103	101	104	100	99	105	
104	102	105	101	100	65	
103	106	102	65	108	
106	107	103	67	102	
105	108	104	111	109	
108	109	105	111	110	
109	107	110	106	111	104	
108	111	107	113	110	106	
111	112	108	114	107	113	109	
110	113	109	107	108	106	
113	114	110	
114	112	115	111	109	110	117	
113	116	112	118	110	
116	117	113	120	
117	115	118	114	119	
118	116	119	115	120	113	122	
117	120	116	114	
121	117	116	
121	122	118	115	123	117	124	84	
122	120	123	119	
121	124	120	84	117	
124	125	121	120	126	127	
123	126	122	84	120	
126	127	123	83	1	
127	125	0	124	123	1	2	
126	125	123	
128	527
1	127	2	126	
2	0	3	127	
1	4	0	118	
4	5	1	120	
5	3	6	2	
6	4	7	3	8	
7	5	8	4	
8	6	9	5	
9	7	10	6	11	5	
10	8	11	7	
11	9	12	8	
12	10	13	9	15	8	
13	11	14	10	
14	12	15	11	
15	13	16	12	
16	14	17	13	11	19	
17	15	18	14	
18	16	19	15	
19	17	20	16	
20	18	21	17	15	
21	19	22	18	
22	20	23	19	
23	21	24	20	
24	22	25	21	
25	23	22	124	
26	24	27	23	
27	25	28	123	
28	26	29	25	
29	27	30	26	
30	28	31	27	
31	29	32	28	
32	30	33	29	
33	31	34	30	
34	32	35	31	
35	33	36	32	
34	37	33	59	
37	38	34	57	
38	36	39	35	
39	37	40	36	
40	38	41	37	42	
41	39	42	38	
42	40	39	84	103	43	
43	41	44	40	39	
44	42	45	102	127	41	
45	43	46	42	
46	44	47	43	
47	45	48	44	
48	46	49	45	50	
49	47	50	46	
50	48	51	47	
51	49	52	48	47	
50	53	49	69	
53	54	50	70	
54	52	55	51	
55	53	56	52	
56	54	57	53	
57	55	54	118	
58	56	55	36	
59	57	60	65	
60	58	61	35	
61	59	62	58	
62	60	63	59	
63	61	64	60	65	
64	62	65	61	
63	66	62	117	
66	67	63	62	58	
67	65	68	64	
68	66	69	65	
69	67	70	66	
68	71	67	51	73	
71	72	68	52	
72	70	73	69	74	
73	71	74	70	
74	72	75	71	69	77	
75	73	76	72	71	
76	74	77	73	
77	75	78	74	
78	76	79	75	73	
79	77	80	76	
80	78	81	77	
81	79	82	78	
80	83	79	96	
83	84	80	98	
84	82	85	81	
85	83	86	82	41	
86	84	87	83	
87	85	88	84	
88	86	89	85	
89	87	90	86	
90	88	91	87	
91	89	92	88	
92	90	93	89	
93	91	94	90	
94	92	95	91	
95	93	96	92	
96	94	97	93	
97	95	94	81	
98	96	99	95	
99	97	100	82	
100	98	101	97	
101	99	102	98	
102	100	103	99	
101	104	100	43	
104	105	101	41	
105	103	106	102	
106	104	107	103	
107	105	108	104	
108	106	109	105	125	
107	110	106	126	
110	111	107	125	
111	109	112	108	
112	110	113	109	
113	111	114	110	
114	112	115	111	
113	116	112	122	
116	117	113	120	
117	115	118	114	
116	119	115	64	120	
119	116	2	56	
120	118	121	117	
121	119	115	3	117	
122	120	123	119	
123	121	124	114	
122	125	121	26	
125	126	122	24	
124	127	123	109	107	
127	0	124	108	
0	126	1	125	43	
128	514
1	127	2	126	122	
2	0	3	127	
3	1	4	0	
4	2	5	1	6	
5	3	6	2	
6	4	7	3	
7	5	8	4	3	
8	6	9	5	
9	7	10	6	
10	8	11	7	
11	9	12	8	
12	10	13	9	
13	11	14	10	
14	12	15	11	
15	13	16	12	
16	14	17	13	
17	15	18	14	
18	16	19	15	
19	17	20	16	
20	18	21	17	
21	19	22	18	
22	20	23	19	
23	21	24	20	
24	22	25	21	
25	23	26	22	
26	24	27	23	
27	25	28	24	
28	26	29	25	
29	27	30	26	
30	28	31	27	
31	29	32	28	
32	30	33	29	
33	31	34	30	
34	32	35	31	
35	33	36	32	
36	34	37	33	
37	35	38	34	
38	36	39	35	
39	37	40	36	
40	38	41	37	
41	39	42	38	
42	40	43	39	
43	41	44	40	
44	42	45	41	
45	43	46	42	
46	44	47	43	
47	45	48	44	
48	46	49	45	
49	47	50	46	
50	48	51	47	
51	49	52	48	
52	50	53	49	
53	51	54	50	
54	52	55	51	
55	53	56	52	
56	54	57	53	
57	55	58	54	
58	56	59	55	
59	57	60	56	
60	58	61	57	
61	59	62	58	
62	60	63	59	
63	61	64	60	
64	62	65	61	
65	63	66	62	
66	64	67	63	
67	65	68	64	
68	66	69	65	
69	67	70	66	
70	68	71	67	
71	69	72	68	
72	70	73	69	
73	71	74	70	
74	72	75	71	
75	73	76	72	
76	74	77	73	
77	75	78	74	
78	76	79	75	
79	77	80	76	
80	78	81	77	
81	79	82	78	
82	80	83	79	
83	81	84	80	
84	82	85	81	
85	83	86	82	
86	84	87	83	
87	85	88	84	
88	86	89	85	
89	87	90	86	
90	88	91	87	
91	89	92	88	
92	90	93	89	
93	91	94	90	
94	92	95	91	
95	93	96	92	
96	94	97	93	
97	95	98	94	
98	96	99	95	
99	97	100	96	
100	98	101	97	
101	99	102	98	
102	100	103	99	
103	101	104	100	
104	102	105	101	
105	103	106	102	
106	104	107	103	
107	105	108	104	
108	106	109	105	
109	107	110	106	
110	108	111	107	
111	109	112	108	
112	110	113	109	
113	111	114	110	
114	112	115	111	
115	113	116	112	
116	114	117	113	
117	115	118	114	
118	116	119	115	
119	117	120	116	
120	118	121	117	
121	119	122	118	
122	120	123	119	
123	121	124	120	0	
124	122	125	121	
125	123	126	122	
126	124	127	123	
127	125	0	124	
0	126	1	125	
128	515
1	127	2	126	11	
2	0	3	127	
3	1	4	0	
4	2	5	1	
5	3	6	2	
6	4	7	3	
7	5	8	4	
8	6	9	5	
9	7	10	6	
10	8	11	7	
11	9	12	8	
12	10	13	9	0	
13	11	14	10	
14	12	15	11	
15	13	16	12	
16	14	17	13	
17	15	18	14	
18	16	19	15	20	21	
19	17	20	16	
20	18	21	17	
21	19	22	18	17	
22	20	23	19	17	
23	21	24	20	
24	22	25	21	
25	23	26	22	
26	24	27	23	
27	25	28	24	
28	26	29	25	
29	27	30	26	
30	28	31	27	
31	29	32	28	
32	30	33	29	
33	31	34	30	
34	32	35	31	
35	33	36	32	
36	34	37	33	
37	35	38	34	
38	36	39	35	
39	37	40	36	
40	38	41	37	
41	39	42	38	
42	40	43	39	
43	41	44	40	
44	42	45	41	
45	43	46	42	
46	44	47	43	
47	45	48	44	
48	46	49	45	
49	47	50	46	
50	48	51	47	
51	49	52	48	
52	50	53	49	
53	51	54	50	
54	52	55	51	
55	53	56	52	
56	54	57	53	
57	55	58	54	
58	56	59	55	
59	57	60	56	
60	58	61	57	
61	59	62	58	
62	60	63	59	
63	61	64	60	
64	62	65	61	
65	63	66	62	
66	64	67	63	
67	65	68	64	
68	66	69	65	
69	67	70	66	
70	68	71	67	
71	69	72	68	
72	70	73	69	
73	71	74	70	
74	72	75	71	
75	73	76	72	
76	74	77	73	
77	75	78	74	
78	76	79	75	
79	77	80	76	
80	78	81	77	
81	79	82	78	
82	80	83	79	
83	81	84	80	
84	82	85	81	86	
85	83	86	82	
86	84	87	83	
87	85	88	84	83	
88	86	89	85	
89	87	90	86	
90	88	91	87	
91	89	92	88	
92	90	93	89	
93	91	94	90	
94	92	95	91	
95	93	96	92	
96	94	97	93	
97	95	98	94	
98	96	99	95	
99	97	100	96	
100	98	101	97	
101	99	102	98	
102	100	103	99	
103	101	104	100	
104	102	105	101	
105	103	106	102	
106	104	107	103	
107	105	108	104	
108	106	109	105	
109	107	110	106	
110	108	111	107	
111	109	112	108	
112	110	113	109	
113	111	114	110	
114	112	115	111	
115	113	116	112	
116	114	117	113	
117	115	118	114	
118	116	119	115	
119	117	120	116	
120	118	121	117	
121	119	122	118	
122	120	123	119	
123	121	120	
124	122	125	121	
125	123	126	
126	124	127	123	
127	125	0	124	
0	126	1	125	
128	519
1	127	2	126	52	99	44	
2	0	3	127	
3	1	4	0	14	
4	2	5	1	
5	3	6	2	
6	4	7	3	
7	5	8	4	
8	6	9	5	
9	7	10	6	
10	8	11	7	
11	9	12	8	
12	10	13	9	66	
13	11	14	10	16	
14	12	15	11	
15	13	16	12	2	
16	14	17	13	
17	15	18	14	71	12	
18	16	19	15	
19	17	20	16	
20	18	21	17	
21	19	22	18	
22	20	23	19	
23	21	24	20	
24	22	25	21	
25	23	26	22	
26	24	27	23	
27	25	28	24	
28	26	29	25	
29	27	30	26	
30	28	31	27	
31	29	32	28	
32	30	33	29	
33	31	34	30	
34	32	35	31	
35	33	36	32	
36	34	37	33	
37	35	38	34	
38	36	39	35	
39	37	40	36	
40	38	41	37	
41	39	42	38	
42	40	43	39	
43	41	44	40	
44	42	45	41	
45	43	46	42	0	
46	44	47	43	
47	45	48	44	
48	46	49	45	
49	47	50	46	
50	48	51	47	
51	49	52	48	
52	50	53	49	
53	51	54	50	0	
54	52	55	51	
55	53	56	52	
56	54	57	53	
57	55	58	54	
58	56	59	55	
59	57	60	56	
60	58	61	57	
61	59	62	58	
62	60	63	59	
63	61	64	60	
64	62	65	61	
65	63	66	62	
66	64	67	63	
67	65	68	64	11	
68	66	69	65	
69	67	70	66	
70	68	71	67	
71	69	72	68	
72	70	73	69	16	
73	71	74	70	
74	72	75	71	
75	73	76	72	
76	74	77	73	
77	75	78	74	
78	76	79	75	
79	77	80	76	
80	78	81	77	
81	79	82	78	
82	80	83	79	
83	81	84	80	
84	82	85	81	
85	83	86	82	
86	84	87	83	
87	85	88	84	
88	86	89	85	
89	87	90	86	
90	88	91	87	
91	89	92	88	
92	90	93	89	
93	91	94	90	
94	92	95	91	
95	93	96	92	
96	94	97	93	
97	95	98	94	
98	96	99	95	
99	97	100	96	
100	98	101	97	0	
101	99	102	98	
102	100	103	99	
103	101	104	100	
104	102	105	101	
105	103	106	102	
106	104	107	103	
107	105	108	104	
108	106	109	105	
109	107	110	106	
110	108	111	107	
111	109	112	108	
112	110	113	109	
113	111	114	110	
114	112	115	111	
115	113	116	112	
116	114	117	113	
117	115	118	114	
118	116	119	115	
119	117	120	116	
120	118	121	117	
121	119	122	118	
122	120	123	119	
123	121	124	120	
124	122	125	121	
125	123	126	122	
126	124	127	123	
127	125	0	124	
0	126	1	125	
128	513
1	127	2	126	
2	0	3	127	
3	1	4	0	
4	2	5	1	
5	3	6	2	
6	4	7	3	
7	5	8	4	
8	6	9	5	
9	7	10	6	
10	8	11	7	
11	9	12	8	
12	10	13	9	
13	11	14	10	
14	12	15	11	
15	13	16	12	
16	14	17	13	
17	15	18	14	19	
18	16	19	15	
19	17	20	16	
20	18	21	17	16	
21	19	22	18	
22	20	23	19	
23	21	24	20	
24	22	25	21	
25	23	26	22	
26	24	27	23	
27	25	28	24	
28	26	29	25	
29	27	30	26	
30	28	31	27	
31	29	32	28	
32	30	33	29	
33	31	34	30	
34	32	35	31	
35	33	36	32	
36	34	37	33	
37	35	38	34	
38	36	39	35	
39	37	40	36	
40	38	41	37	
41	39	42	38	
42	40	43	39	
43	41	44	40	
44	42	45	41	
45	43	46	42	
46	44	47	43	
47	45	48	44	
48	46	49	45	
49	47	50	46	
50	48	51	47	
51	49	52	48	
52	50	53	49	
53	51	54	50	
54	52	55	51	
55	53	56	52	
56	54	57	53	
57	55	58	54	
58	56	59	55	
59	57	60	56	
60	58	61	57	
61	59	62	58	
62	60	63	59	
61	64	60	
64	65	61	
65	63	66	62	
66	64	67	63	
67	65	68	64	
68	66	69	65	
69	67	70	66	
70	68	71	67	
71	69	72	68	
72	70	73	69	
73	71	74	70	
74	72	75	71	
75	73	76	72	
76	74	77	73	
77	75	78	74	
78	76	79	75	
79	77	80	76	
80	78	81	77	
81	79	82	78	
82	80	83	79	
83	81	84	80	
84	82	85	81	
85	83	86	82	
86	84	87	83	
87	85	88	84	
88	86	89	85	
89	87	90	86	
90	88	91	87	
91	89	92	88	
92	90	93	89	
93	91	94	90	95	
94	92	95	91	
95	93	96	92	
96	94	97	93	92	
97	95	98	94	
98	96	99	95	
99	97	100	96	
100	98	101	97	
101	99	102	98	
100	103	99	
103	104	100	
104	102	105	101	
105	103	106	102	
106	104	107	103	
107	105	108	104	
108	106	109	105	
109	107	110	106	
110	108	111	107	
111	109	112	108	
112	110	113	109	
113	111	114	110	115	
114	112	115	111	
115	113	116	112	
116	114	117	113	112	
117	115	118	114	
118	116	119	115	
119	117	120	116	
120	118	121	117	
121	119	122	118	
122	120	123	119	
123	121	124	120	
124	122	125	121	
125	123	126	122	
126	124	127	123	
127	125	0	124	
0	126	1	125	
128	514
1	127	2	126	
2	0	3	127	4	
3	1	4	0	6	
4	2	5	1	
5	3	6	2	1	
6	4	7	3	
7	5	8	4	2	
8	6	9	5	
9	7	10	6	
10	8	11	7	
11	9	12	8	
12	10	13	9	14	
13	11	14	10	
14	12	15	11	
15	13	16	12	11	
16	14	17	13	
17	15	18	14	
18	16	19	15	
19	17	20	16	
20	18	21	17	
21	19	22	18	
22	20	23	19	
23	21	24	20	
24	22	25	21	
25	23	26	22	
26	24	27	23	
27	25	28	24	
28	26	29	25	
29	27	30	26	
30	28	31	27	
31	29	32	28	
32	30	33	29	
33	31	34	30	
34	32	35	31	
35	33	36	32	
36	34	37	33	
37	35	38	34	
38	36	39	35	
39	37	40	36	
40	38	41	37	42	
41	39	42	38	
42	40	43	39	
43	41	44	40	39	
44	42	45	41	
45	43	42	
46	44	47	43	
47	45	48	
48	46	49	45	
49	47	50	46	
50	48	51	47	
51	49	52	48	
52	50	53	49	
53	51	54	50	
54	52	55	51	
55	53	56	52	
56	54	57	53	
57	55	58	54	
58	56	59	55	
59	57	60	56	
60	58	61	57	
61	59	62	58	
62	60	63	59	
63	61	64	60	
64	62	65	61	
65	63	66	62	
66	64	67	63	
67	65	68	64	
68	66	69	65	
69	67	70	66	
70	68	71	67	
71	69	72	68	
72	70	73	69	
73	71	74	70	
74	72	75	71	
75	73	76	72	
76	74	77	73	
77	75	78	74	
78	76	79	75	
79	77	80	76	
80	78	81	77	
81	79	82	78	
82	80	83	79	
83	81	84	80	
84	82	85	81	
85	83	86	82	
86	84	87	83	
87	85	88	84	
88	86	89	85	
89	87	90	86	
90	88	91	87	
91	89	92	88	
92	90	93	89	
93	91	94	90	
94	92	95	91	
95	93	96	92	
96	94	97	93	
97	95	94	
98	96	99	95	
99	97	100	
100	98	101	97	
101	99	102	98	
102	100	103	99	
103	101	104	100	
104	102	105	101	
105	103	106	102	
106	104	107	103	
107	105	108	104	
108	106	109	105	
109	107	110	106	
110	108	111	107	112	
111	109	112	108	
112	110	113	109	
113	111	114	110	109	
114	112	115	111	
115	113	116	112	
116	114	117	113	
117	115	118	114	
118	116	119	115	
119	117	120	116	
120	118	121	117	
121	119	122	118	
120	123	119	
123	124	120	
124	122	125	121	
125	123	126	122	
126	124	127	123	
127	125	0	124	
0	126	1	125	
128	513
1	127	2	126	
2	0	3	127	
3	1	4	0	
4	2	5	1	
5	3	6	2	
6	4	7	3	
7	5	8	4	
8	6	9	5	
9	7	10	6	
10	8	11	7	
11	9	12	8	
12	10	13	9	
13	11	14	10	
14	12	15	11	
15	13	16	12	
16	14	17	13	
17	15	18	14	
18	16	19	15	
19	17	20	16	
20	18	21	17	
21	19	22	18	
22	20	23	19	
23	21	24	20	
24	22	25	21	
25	23	26	22	
26	24	27	23	
27	25	28	24	
28	26	29	25	
29	27	30	26	
30	28	31	27	
31	29	32	28	
32	30	33	29	
33	31	34	30	
34	32	35	31	
35	33	36	32	
36	34	37	33	
37	35	38	34	
38	36	39	35	
39	37	40	36	
40	38	41	37	
41	39	42	38	
42	40	43	39	
43	41	44	40	
44	42	45	41	
45	43	46	42	
46	44	47	43	
47	45	48	44	
48	46	49	45	
49	47	50	46	
50	48	51	47	
51	49	52	48	
52	50	53	49	
53	51	54	50	
54	52	55	51	
55	53	56	52	
56	54	57	53	
57	55	58	54	
58	56	59	55	
59	57	60	56	
60	58	61	57	
61	59	62	58	
62	60	63	59	
63	61	64	60	
64	62	65	61	
65	63	66	62	
66	64	67	63	
67	65	68	64	69	
68	66	69	65	
69	67	70	66	
70	68	71	67	66	
71	69	72	68	
72	70	73	69	
73	71	74	70	
74	72	75	71	
75	73	76	72	
76	74	77	73	
77	75	78	74	
78	76	79	75	
79	77	80	76	
80	78	81	77	
81	79	82	78	
82	80	83	79	
83	81	84	80	
84	82	85	81	
85	83	86	82	
86	84	87	83	
87	85	88	84	
88	86	89	85	
89	87	90	86	
90	88	91	87	
91	89	92	88	
92	90	93	89	
93	91	94	90	
94	92	95	91	
95	93	96	92	
96	94	97	93	
97	95	98	94	
98	96	99	95	
99	97	100	96	
100	98	101	97	
101	99	102	98	
102	100	103	99	
103	101	104	100	
104	102	105	101	
105	103	106	102	
106	104	107	103	
107	105	108	104	
108	106	109	105	
109	107	110	106	
110	108	111	107	
111	109	112	108	
112	110	113	109	
113	111	114	110	
114	112	115	111	
115	113	116	112	
116	114	117	113	
117	115	118	114	
118	116	119	115	
119	117	120	116	
120	118	121	117	
121	119	122	118	
122	120	123	119	
123	121	124	120	
124	122	125	121	
125	123	126	122	
126	124	127	123	
127	125	0	124	
0	126	1	125	
128	514
1	127	2	126	122	
2	0	3	127	
3	1	4	0	
4	2	5	1	6	
5	3	6	2	
6	4	7	3	
7	5	8	4	3	
8	6	9	5	
9	7	10	6	
10	8	11	7	
11	9	12	8	
12	10	13	9	
13	11	14	10	
14	12	15	11	
15	13	16	12	
16	14	17	13	
17	15	18	14	
18	16	19	15	
19	17	20	16	
20	18	21	17	
21	19	22	18	
22	20	23	19	
23	21	24	20	
24	22	25	21	
25	23	26	22	
26	24	27	23	
27	25	28	24	
28	26	29	25	
29	27	30	26	
30	28	31	27	
31	29	32	28	
32	30	33	29	
33	31	34	30	
34	32	35	31	
35	33	36	32	
36	34	37	33	
37	35	38	34	
38	36	39	35	
39	37	40	36	
40	38	41	37	
41	39	42	38	
42	40	43	39	
43	41	44	40	
44	42	45	41	
45	43	46	42	
46	44	47	43	
47	45	48	44	
48	46	49	45	
49	47	50	46	
50	48	51	47	
51	49	52	48	
52	50	53	49	
53	51	54	50	
54	52	55	51	
55	53	56	52	
56	54	57	53	
57	55	58	54	
58	56	59	55	
59	57	60	56	
60	58	61	57	
61	59	62	58	
62	60	63	59	
63	61	64	60	
64	62	65	61	
65	63	66	62	
66	64	67	63	
67	65	68	64	
68	66	69	65	
69	67	70	66	
70	68	71	67	
71	69	72	68	
72	70	73	69	
73	71	74	70	
74	72	75	71	
75	73	76	72	
76	74	77	73	
77	75	78	74	
78	76	79	75	
79	77	80	76	
80	78	81	77	
81	79	82	78	
82	80	83	79	
83	81	84	80	
84	82	85	81	
85	83	86	82	
86	84	87	83	
87	85	88	84	
88	86	89	85	
89	87	90	86	
90	88	91	87	
91	89	92	88	
92	90	93	89	
93	91	94	90	
94	92	95	91	
95	93	96	92	
96	94	97	93	
97	95	98	94	
98	96	99	95	
99	97	100	96	
100	98	101	97	
101	99	102	98	
102	100	103	99	
103	101	104	100	
104	102	105	101	
105	103	106	102	
106	104	107	103	
107	105	108	104	
108	106	109	105	
109	107	110	106	
110	108	111	107	
111	109	112	108	
112	110	113	109	
113	111	114	110	
114	112	115	111	
115	113	116	112	
116	114	117	113	
117	115	118	114	
118	116	119	115	
119	117	120	116	
120	118	121	117	
121	119	122	118	
122	120	123	119	
123	121	124	120	0	
124	122	125	121	
125	123	126	122	
126	124	127	123	
127	125	0	124	
0	126	1	125	
128	514
1	127	2	126	122	
2	0	3	127	
3	1	4	0	
4	2	5	1	6	
5	3	6	2	
6	4	7	3	
7	5	8	4	3	
8	6	9	5	
9	7	10	6	
10	8	11	7	
11	9	12	8	
12	10	13	9	
13	11	14	10	
14	12	15	11	
15	13	16	12	
16	14	17	13	
17	15	18	14	
18	16	19	15	
19	17	20	16	
20	18	21	17	
21	19	22	18	
22	20	23	19	
23	21	24	20	
24	22	25	21	
25	23	26	22	
26	24	27	23	
27	25	28	24	
28	26	29	25	
29	27	30	26	
30	28	31	27	
31	29	32	28	
32	30	33	29	
33	31	34	30	
34	32	35	31	
35	33	36	32	
36	34	37	33	
37	35	38	34	
38	36	39	35	
39	37	40	36	
40	38	41	37	
41	39	42	38	
42	40	43	39	
43	41	44	40	
44	42	45	41	
45	43	46	42	
46	44	47	43	
47	45	48	44	
48	46	49	45	
49	47	50	46	
50	48	51	47	
51	49	52	48	
52	50	53	49	
53	51	54	50	
54	52	55	51	
55	53	56	52	
56	54	57	53	
57	55	58	54	
58	56	59	55	
59	57	60	56	
60	58	61	57	
61	59	62	58	
62	60	63	59	
63	61	64	60	
64	62	65	61	
65	63	66	62	
66	64	67	63	
67	65	68	64	
68	66	69	65	
69	67	70	66	
70	68	71	67	
71	69	72	68	
72	70	73	69	
73	71	74	70	
74	72	75	71	
75	73	76	72	
76	74	77	73	
77	75	78	74	
78	76	79	75	
79	77	80	76	
80	78	81	77	
81	79	82	78	
82	80	83	79	
83	81	84	80	
84	82	85	81	
85	83	86	82	
86	84	87	83	
87	85	88	84	
88	86	89	85	
89	87	90	86	
90	88	91	87	
91	89	92	88	
92	90	93	89	
93	91	94	90	
94	92	95	91	
95	93	96	92	
96	94	97	93	
97	95	98	94	
98	96	99	95	
99	97	100	96	
100	98	101	97	
101	99	102	98	
102	100	103	99	
103	101	104	100	
104	102	105	101	
105	103	106	102	
106	104	107	103	
107	105	108	104	
108	106	109	105	
109	107	110	106	
110	108	111	107	
111	109	112	108	
112	110	113	109	
113	111	114	110	
114	112	115	111	
115	113	116	112	
116	114	117	113	
117	115	118	114	
118	116	119	115	
119	117	120	116	
120	118	121	117	
121	119	122	118	
122	120	123	119	
123	121	124	120	0	
124	122	125	121	
125	123	126	122	
126	124	127	123	
127	125	0	124	
0	126	1	125	
