128	662

2	3	127	106	47	64	
3	1	4	
4	2	5	1	123	
5	3	6	2	56	49	
6	4	7	3	104	
7	5	8	4	49	47	99	104	35	
8	6	9	5	41	85	
9	7	10	6	
10	8	11	7	104	77	75	
11	9	12	8	119	98	
12	10	13	9	99	54	101	119	
13	11	14	10	109	81	119	43	
14	12	11	101	100	25	73	
15	13	16	12	92	17	
16	14	17	19	85	18	32	
17	15	18	14	113	124	27	
18	16	19	15	14	59	
19	17	20	16	86	116	85	15	94	
20	18	21	17	57	76	15	45	
21	19	22	18	99	
22	20	23	19	54	
23	21	24	20	127	46	
24	22	25	21	27	
25	23	26	22	54	112	127	
26	24	27	23	36	85	62	13	39	
27	25	28	24	34	
28	26	29	25	46	47	66	23	16	
29	27	30	26	66	91	
30	28	31	27	
31	29	32	28	
32	30	33	29	39	
33	31	34	30	15	116	
34	32	35	31	63	93	98	65	
35	33	36	32	40	26	42	
36	34	37	33	40	98	6	
37	35	38	34	25	42	
38	36	39	35	117	
39	37	40	36	41	
40	38	41	37	89	25	100	31	
41	39	42	38	35	34	121	
42	40	43	39	45	7	44	38	
43	41	44	40	79	75	36	56	54	77	34	
44	42	45	41	12	
45	43	46	42	41	
46	44	47	43	41	64	48	19	
47	45	48	44	27	22	61	
48	46	49	45	80	6	27	127	121	1	120	59	
49	47	50	46	45	
50	48	51	47	6	61	127	4	56	63	
51	49	52	48	
52	50	53	49	
53	51	54	50	89	
54	52	55	51	70	106	
55	53	56	52	79	24	11	21	42	68	
54	57	53	68	58	
57	58	54	59	4	94	42	61	49	
58	56	59	55	19	125	
59	57	60	56	74	55	
60	58	61	57	56	94	17	76	47	
61	59	62	58	116	104	
62	60	63	59	104	49	56	64	46	
63	61	64	60	75	25	127	
64	62	65	61	33	49	68	
65	63	66	62	72	45	61	1	
66	64	67	63	68	33	72	114	
67	65	68	64	27	123	28	
68	66	69	65	71	
69	67	70	66	65	55	63	54	
70	68	71	67	
71	69	72	68	125	53	
72	70	73	69	67	
73	71	74	70	76	64	65	
74	72	75	71	126	13	100	
75	73	76	72	58	79	
76	74	77	73	62	42	9	
77	75	78	74	72	19	87	59	81	
78	76	79	75	96	9	42	93	
79	77	80	76	119	
80	78	81	77	42	54	74	
81	79	82	78	47	
82	80	83	79	87	12	84	76	
83	81	84	80	126	100	
84	82	85	81	
83	86	82	93	81	
86	87	83	25	18	15	7	
87	85	88	84	18	
88	86	89	85	81	91	76	
89	87	90	86	
88	91	87	39	52	112	103	
91	92	88	
92	90	93	89	87	28	
93	91	94	90	14	
94	92	95	91	33	84	77	
95	93	96	92	56	59	18	
96	94	97	93	120	
97	95	98	94	77	106	
98	96	99	95	
99	97	100	96	33	35	10	
100	98	101	97	106	107	11	6	20	
101	99	102	98	126	13	82	39	73	
102	100	103	99	13	11	119	
103	101	104	100	
104	102	105	101	107	109	89	
105	103	106	102	61	5	9	6	60	
106	104	107	103	
107	105	108	104	99	1	53	96	
108	106	109	105	99	103	
109	107	110	106	
110	108	111	107	12	103	
111	109	112	108	
112	110	113	109	115	
113	111	114	110	89	24	
114	112	115	111	16	116	
115	113	116	112	65	
116	114	117	113	111	
117	115	118	114	18	60	113	32	
118	116	119	115	37	
119	117	120	116	
120	118	121	117	11	78	101	12	10	
121	119	122	118	47	95	
122	120	123	119	47	40	
123	121	124	120	126	125	
124	122	125	121	3	66	
125	123	126	122	16	
126	124	127	123	70	57	122	
127	125	124	100	122	82	73	
126	1	125	47	49	22	24	62	
128	513
1	127	2	126	
2	0	3	127	
3	1	4	0	
4	2	5	1	
5	3	6	2	
6	4	7	3	
7	5	8	4	
8	6	9	5	
9	7	10	6	
10	8	11	7	
11	9	12	8	
12	10	13	9	
13	11	14	10	
14	12	15	11	
15	13	16	12	
16	14	17	13	
17	15	18	14	
18	16	19	15	
19	17	20	16	
20	18	21	17	123	
21	19	22	18	
22	20	23	19	
23	21	24	20	
24	22	25	21	
25	23	26	22	
26	24	27	23	
27	25	28	24	
28	26	29	25	
29	27	30	26	
30	28	31	27	
31	29	32	28	
32	30	33	29	
33	31	34	30	
34	32	35	31	
35	33	36	32	
36	34	37	33	
37	35	38	34	
38	36	39	35	
39	37	40	36	
40	38	41	37	
41	39	42	38	
42	40	43	39	
43	41	44	40	
44	42	45	41	
45	43	46	42	
46	44	47	43	
47	45	48	44	
48	46	49	45	
49	47	50	46	
50	48	51	47	
51	49	52	48	
52	50	53	49	
53	51	54	50	
54	52	55	51	
55	53	56	52	
56	54	57	53	
57	55	58	54	
58	56	59	55	
59	57	60	56	
60	58	61	57	
61	59	62	58	
62	60	63	59	
63	61	64	60	
64	62	65	61	
65	63	66	62	
66	64	67	63	
67	65	68	64	
68	66	69	65	
69	67	70	66	
70	68	71	67	
71	69	72	68	
72	70	73	69	
73	71	74	70	
74	72	75	71	
75	73	76	72	
76	74	77	73	
77	75	78	74	
78	76	79	75	
79	77	80	76	
80	78	81	77	
81	79	82	78	
82	80	83	79	
83	81	84	80	
84	82	85	81	
85	83	86	82	
86	84	87	83	
87	85	88	84	
88	86	89	85	
89	87	90	86	
90	88	91	87	
91	89	92	88	
92	90	93	89	
93	91	94	90	
94	92	95	91	
95	93	96	92	
96	94	97	93	
97	95	98	94	
98	96	99	95	
99	97	100	96	
100	98	101	97	
101	99	102	98	
102	100	103	99	
103	101	104	100	
104	102	105	101	
105	103	106	102	
106	104	107	103	
107	105	108	104	
108	106	109	105	
109	107	110	106	
110	108	111	107	
111	109	112	108	
112	110	113	109	
113	111	114	110	
114	112	115	111	
115	113	116	112	
116	114	117	113	
117	115	118	114	
118	116	119	115	
119	117	120	116	
120	118	121	117	
121	119	122	118	
122	120	123	119	
123	121	124	120	
124	122	125	121	19	
125	123	126	122	
126	124	127	123	
127	125	0	124	
0	126	1	125	
