128	657

2	127	102	5	78	15	
3	1	4	71	
4	2	5	71	62	103	
5	3	6	2	104	103	98	
6	4	3	102	18	82	1	79	
7	5	8	4	108	67	
8	6	9	17	59	123	
9	7	10	6	123	121	
10	8	11	7	13	74	111	
11	9	12	8	
12	10	13	9	
11	14	10	54	26	103	
14	15	11	9	21	32	24	106	
15	13	16	12	28	86	
16	14	17	13	32	18	85	1	
17	15	18	14	47	79	45	124	72	40	
16	19	15	7	68	
19	20	16	15	5	115	94	
20	18	21	17	
21	19	22	18	
22	20	23	19	61	13	106	
23	21	24	20	67	44	42	75	43	
24	22	25	21	69	
23	22	13	
26	27	23	
27	25	28	114	72	12	99	
28	26	29	25	31	51	
29	27	30	26	106	114	14	32	80	51	104	86	
30	28	31	27	63	126	
31	29	32	28	72	104	48	
32	30	33	29	99	27	59	96	
33	31	34	30	15	28	13	65	37	
34	32	35	31	37	126	
35	33	36	32	52	
36	34	37	33	92	
37	35	38	34	
38	36	39	35	33	32	
37	36	
40	41	37	42	
41	39	42	64	44	16	
42	40	43	39	
43	41	44	40	22	39	64	
44	42	45	41	127	75	22	
45	43	46	42	22	40	
46	44	47	43	16	111	
47	45	48	44	
48	46	49	45	16	116	
49	47	46	30	
48	51	47	60	
51	52	114	62	83	100	
50	53	49	28	27	87	
53	54	50	114	34	
54	52	55	51	86	84	
55	53	56	52	118	12	
56	54	57	53	110	
57	55	58	54	97	110	
58	56	59	55	127	
59	57	60	56	90	75	70	
60	58	61	57	106	7	120	31	
61	59	58	69	70	71	63	68	49	
62	60	63	59	21	
63	61	64	3	50	
64	62	61	87	60	29	85	
65	63	66	62	79	40	87	68	42	94	
66	64	67	84	32	
67	65	68	64	69	
68	66	69	65	22	6	
69	67	66	60	64	17	
70	68	71	67	66	60	118	23	
71	69	72	60	58	111	
72	70	73	69	116	3	60	2	
73	71	74	70	116	30	75	26	16	115	
74	72	75	71	
75	73	76	72	9	
76	74	77	73	58	22	72	43	
77	75	78	74	79	
78	76	79	75	
79	77	80	76	1	
80	78	81	77	64	16	76	82	5	
81	79	82	78	28	
82	80	83	79	86	
83	81	84	80	111	106	5	86	79	109	
84	82	85	81	104	86	50	
83	86	82	88	65	53	92	
86	87	83	63	99	15	88	
87	85	88	84	14	81	83	53	82	112	28	
88	86	89	85	63	64	51	
89	87	90	86	84	85	
90	88	91	87	122	
91	89	92	88	58	
92	90	93	89	94	115	
93	91	94	90	112	35	84	
94	92	95	91	96	
95	93	96	92	109	91	18	64	
96	94	97	93	122	101	
97	95	94	93	31	
98	96	99	95	112	56	
99	97	100	4	
100	98	101	97	31	85	104	118	107	26	
101	99	102	98	50	
102	100	103	99	95	125	
103	101	104	100	123	5	1	118	121	
104	102	105	101	120	4	3	12	
105	103	106	102	4	83	99	30	28	
106	104	107	103	
107	105	108	104	59	28	82	13	21	
108	106	109	105	99	
109	107	110	106	6	
110	108	111	107	94	118	82	
111	109	112	108	55	56	
112	110	113	109	82	114	70	9	45	126	
113	111	114	110	92	97	86	
114	112	115	111	126	117	
115	113	116	112	26	52	28	111	50	
116	114	117	113	91	18	72	
117	115	118	114	71	72	47	
118	116	119	115	113	
119	117	120	116	54	102	109	69	99	
120	118	121	117	122	123	
121	119	122	118	103	59	
122	120	123	119	8	102	
123	121	124	120	119	95	89	
124	122	125	121	102	119	127	7	8	
125	123	126	122	16	
126	124	127	123	101	
127	125	124	113	29	111	33	
126	1	125	123	43	57	
