128	676

2	3	127	126	65	76	98	
3	1	4	19	76	
4	2	5	1	23	41	25	110	
5	3	6	2	23	40	
6	4	7	3	79	87	
7	5	8	4	106	77	
8	6	9	5	66	
9	7	10	6	57	51	122	
10	8	11	7	116	122	123	124	
11	9	12	8	105	40	
12	10	13	9	85	15	
13	11	14	10	49	
14	12	15	11	66	75	71	118	
15	13	16	12	107	
16	14	17	13	11	44	22	107	
17	15	18	14	76	43	
18	16	19	15	20	39	29	114	93	83	
19	17	20	16	46	93	
20	18	21	17	2	23	22	
21	19	22	18	17	54	23	
22	20	23	19	49	25	27	30	
23	21	24	20	56	107	15	19	
24	22	25	21	4	3	19	46	20	
25	23	26	22	127	97	
26	24	27	23	21	3	
27	25	28	24	48	103	
28	26	29	25	21	
29	27	30	26	112	67	
30	28	31	27	17	
31	29	32	28	64	21	36	41	
32	30	33	29	34	56	58	
33	31	30	36	106	
34	32	35	31	114	54	
35	33	36	31	126	104	
36	34	37	33	98	114	
37	35	38	34	32	100	30	
38	36	39	35	126	91	76	
39	37	40	36	
40	38	41	37	17	112	123	92	
41	39	42	38	4	10	55	
42	40	43	39	124	3	105	30	
43	41	44	40	46	
44	42	45	41	57	46	16	
45	43	46	42	15	116	
46	44	47	43	78	88	116	
47	45	48	44	42	120	43	116	18	23	76	
48	46	49	45	78	80	87	94	
49	47	50	46	52	26	
50	48	51	47	21	12	
51	49	52	48	102	
52	50	53	49	61	60	8	84	55	
53	51	54	50	48	
54	52	55	51	110	
55	53	56	52	20	83	106	33	74	
56	54	57	53	51	40	
57	55	58	54	22	83	127	31	60	
58	56	59	55	43	8	
59	57	60	56	61	95	110	101	31	79	87	116	
60	58	61	57	74	
61	59	62	58	51	106	56	70	
62	60	63	59	113	51	58	99	93	
63	61	64	60	66	70	
64	62	65	61	66	67	70	92	
65	63	66	62	30	125	67	
66	64	67	63	127	1	124	
67	65	68	64	13	63	62	73	7	
68	66	69	65	63	28	83	64	
69	67	70	66	
70	68	71	67	108	123	105	
71	69	72	68	108	63	62	60	
72	70	73	69	82	13	
73	71	74	70	
74	72	75	71	66	123	
75	73	76	72	77	78	54	59	
76	74	77	73	99	13	
77	75	78	74	2	1	16	46	37	
78	76	79	75	74	6	
79	77	76	74	47	45	94	
80	78	81	77	92	5	58	
81	79	82	47	
80	83	79	
83	84	80	71	122	
84	82	85	81	56	54	110	67	17	
85	83	86	82	51	
86	84	87	83	11	95	119	
87	85	88	84	
88	86	89	85	5	47	58	
89	87	90	86	45	
90	88	91	87	103	98	
91	89	92	88	93	98	124	
92	90	93	89	37	103	
93	91	94	90	79	39	63	
94	92	95	91	90	61	18	17	
95	93	96	92	78	47	
96	94	97	93	85	58	103	98	105	
97	95	98	94	
98	96	99	95	109	124	24	
99	97	100	96	90	1	89	109	95	35	
100	98	101	97	75	61	
101	99	102	98	36	
102	100	103	99	58	
103	101	104	100	50	
104	102	105	101	89	91	95	26	
105	103	102	127	34	
106	104	107	103	10	41	69	95	
107	105	108	6	60	54	32	
108	106	109	105	14	22	114	15	
109	107	110	106	70	69	
110	108	111	107	97	98	
111	109	112	108	83	58	53	3	
112	110	113	109	
113	111	114	110	28	39	
114	112	115	111	61	
115	113	116	112	33	17	107	35	
116	114	117	113	
117	115	118	114	9	46	125	45	44	58	
118	116	119	115	
119	117	120	116	13	
120	118	121	117	126	85	
121	119	122	118	46	123	
122	120	123	119	
123	121	124	120	9	8	82	
124	122	125	121	120	9	73	39	69	
125	123	126	122	41	65	97	90	9	
126	124	127	123	64	116	
127	125	124	1	37	119	34	
126	1	125	65	56	104	24	
