128	664

2	3	127	4	72	
3	1	4	112	
4	2	5	1	7	55	127	75	
5	3	6	2	1	73	
6	4	7	3	105	71	
7	5	8	4	70	
8	6	9	5	3	31	116	
9	7	10	6	88	105	61	
10	8	11	7	
11	9	12	8	74	86	
12	10	9	80	69	
13	11	14	10	90	
14	12	15	90	54	71	
15	13	16	12	53	64	54	66	
14	17	13	87	56	20	
17	18	14	19	66	22	
18	16	19	15	23	58	75	21	
19	17	20	16	57	81	21	75	
20	18	17	16	75	85	
21	19	18	98	15	
22	20	23	18	17	86	71	
23	21	24	97	26	50	35	16	53	
24	22	21	17	29	79	70	80	
25	23	26	22	28	65	
26	24	27	118	107	84	124	
27	25	28	24	22	56	57	
28	26	29	25	
29	27	30	26	24	
30	28	31	27	79	23	
31	29	32	28	87	73	94	105	
32	30	33	29	92	63	34	79	7	71	105	
33	31	34	30	
34	32	35	31	120	80	
35	33	36	32	83	91	31	94	60	113	74	82	
36	34	37	33	101	22	
37	35	38	34	100	94	107	
38	36	39	35	87	86	89	41	
39	37	40	36	79	
40	38	41	37	120	
41	39	42	38	
42	40	43	39	108	64	37	
43	41	44	40	45	64	
44	42	45	41	
45	43	46	42	113	
46	44	47	43	42	56	
47	45	48	44	51	114	52	
48	46	45	94	106	61	49	
49	47	50	46	113	
50	48	51	112	99	47	
51	49	48	92	22	102	114	101	118	
52	50	53	49	46	
53	51	54	46	
54	52	55	51	14	71	22	
55	53	56	52	13	14	71	90	
56	54	57	53	3	
57	55	58	54	45	26	15	
58	56	59	55	18	115	26	
59	57	60	56	17	
60	58	61	57	92	62	122	
61	59	62	58	34	66	
60	63	59	47	8	
63	64	60	59	
64	62	65	61	115	31	113	114	66	
65	63	66	62	14	42	41	
66	64	67	63	24	
67	65	68	64	16	86	63	14	60	
68	66	69	65	122	
69	67	70	66	76	
70	68	67	11	
71	69	72	68	100	23	6	
72	70	73	53	98	5	13	54	31	21	
73	71	74	70	1	79	119	84	
74	72	75	71	112	4	120	30	92	
75	73	76	72	10	34	
76	74	77	73	17	3	18	19	
77	75	78	74	68	103	
78	76	79	75	113	83	106	
79	77	80	76	
80	78	81	77	29	38	31	72	23	119	117	
81	79	82	78	11	125	23	33	
82	80	83	79	84	18	118	
83	81	84	80	118	34	
84	82	85	81	34	88	77	
85	83	86	82	81	72	25	
84	87	83	19	
87	88	84	37	66	10	21	
88	86	89	85	37	30	15	
89	87	90	86	83	8	
90	88	91	87	97	101	37	
91	89	92	88	13	12	54	
92	90	93	89	34	
93	91	94	90	50	59	31	73	
94	92	95	91	
95	93	96	92	47	97	99	100	36	34	30	102	
96	94	97	93	98	
97	95	98	94	
98	96	99	95	89	22	94	
99	97	96	20	104	71	107	95	
100	98	101	97	94	49	
101	99	102	36	94	70	
102	100	103	99	114	89	35	50	
103	101	104	100	123	50	94	
104	102	105	101	110	76	
105	103	106	102	107	98	
106	104	107	103	8	5	30	31	
107	105	108	104	47	77	
108	106	109	105	104	36	25	98	
109	107	110	106	115	41	
110	108	111	107	115	
111	109	112	108	103	
112	110	113	109	
111	114	110	49	73	2	
114	115	111	77	44	63	34	48	
115	113	116	112	101	63	46	50	
116	114	117	113	63	108	120	109	57	
117	115	118	114	7	
118	116	119	115	79	
119	117	120	116	25	82	81	50	
120	118	121	117	72	79	
121	119	122	118	115	126	33	124	73	39	
122	120	123	119	
123	121	124	120	59	67	
124	122	125	121	102	
125	123	126	122	120	127	25	
126	124	127	123	80	
127	125	124	120	
126	1	125	3	124	
