128	652

2	3	127	15	77	
3	1	4	122	
4	2	5	1	77	49	75	47	6	
5	3	6	2	104	95	
6	4	7	3	77	8	109	
7	5	8	4	17	3	
8	6	9	5	58	
9	7	10	6	5	41	
10	8	11	7	113	71	52	51	
11	9	12	8	119	83	54	
12	10	13	9	66	
13	11	14	10	15	119	94	92	
14	12	15	11	24	120	
15	13	16	12	
16	14	17	13	12	1	87	23	
17	15	18	14	23	29	
18	16	19	15	112	21	6	
19	17	20	16	53	82	108	54	
20	18	21	17	22	125	
21	19	22	18	67	29	
22	20	23	19	17	59	31	30	
23	21	24	20	19	
24	22	25	21	16	15	
25	23	26	22	13	
26	24	27	23	61	
27	25	28	24	124	35	
28	26	29	25	31	112	
29	27	30	26	73	99	98	
30	28	31	27	54	100	16	102	20	
31	29	32	28	33	117	90	21	
32	30	33	29	99	27	21	
33	31	34	30	
34	32	35	31	30	
35	33	36	32	125	78	87	
36	34	37	33	112	104	26	
37	35	38	34	87	111	
38	36	39	35	124	
39	37	40	36	
40	38	41	37	64	59	124	75	100	84	
41	39	42	38	
42	40	43	39	8	
43	41	44	40	118	45	
44	42	45	41	83	76	
45	43	46	42	69	
46	44	47	43	89	42	
47	45	48	44	69	49	72	
48	46	49	45	107	3	69	
49	47	50	46	
50	48	51	47	54	3	46	69	
51	49	52	48	
52	50	53	49	121	9	61	
53	51	54	50	9	
54	52	55	51	18	121	
55	53	56	52	29	49	59	105	127	10	18	
56	54	57	53	
57	55	58	54	102	
58	56	59	55	101	115	
57	60	56	95	7	62	
60	61	57	39	54	21	105	
61	59	62	58	72	64	
62	60	59	78	68	25	65	105	51	
63	61	64	60	58	92	
64	62	65	77	
65	63	66	62	39	60	
66	64	67	63	61	
67	65	68	64	11	
68	66	69	65	20	
69	67	70	66	61	71	
70	68	71	67	46	116	90	49	44	47	
71	69	72	68	74	107	
70	73	69	68	9	95	
73	74	70	60	97	46	
74	72	75	71	28	
75	73	76	72	70	
76	74	77	73	39	3	
77	75	78	74	80	43	
78	76	79	75	3	82	5	1	63	
79	77	80	76	61	34	116	
80	78	81	77	
81	79	82	78	76	109	107	
82	80	83	79	115	
83	81	84	80	18	115	77	
84	82	81	43	95	124	10	
85	83	86	82	39	
86	84	87	124	
87	85	88	84	
88	86	89	85	15	36	34	
89	87	90	86	111	
90	88	91	87	124	45	108	105	119	
91	89	92	88	125	30	69	
92	90	93	89	112	
93	91	94	90	62	12	
94	92	95	91	
95	93	96	92	12	
96	94	93	58	83	71	110	4	
97	95	98	94	
98	96	99	72	
99	97	100	96	28	
100	98	97	31	116	28	
101	99	102	98	29	39	
102	100	103	57	120	
103	101	104	100	29	56	
104	102	105	101	123	
105	103	106	102	4	126	123	35	121	108	
106	104	107	103	108	54	59	61	89	
107	105	108	104	126	119	
108	106	109	105	110	47	80	70	
109	107	110	106	105	89	18	104	
110	108	111	107	80	5	
111	109	112	108	107	95	
112	110	113	109	88	126	125	36	
113	111	114	110	35	17	27	91	
114	112	115	111	9	116	
115	113	112	
116	114	117	113	82	81	57	
117	115	118	120	119	69	99	78	113	
118	116	119	115	30	
119	117	120	116	42	
120	118	121	117	116	10	12	106	89	
121	119	122	118	116	101	13	
122	120	123	119	51	126	104	53	
123	121	124	120	2	
124	122	125	121	104	103	
125	123	126	122	85	89	83	39	26	37	
126	124	127	123	34	90	111	19	
127	125	124	111	104	106	121	
126	1	125	54	
