128	660

2	127	3	45	
3	1	4	6	67	
4	2	5	118	1	54	
5	3	6	2	73	79	
6	4	7	3	96	91	
7	5	8	4	10	38	11	2	
8	6	9	5	125	
9	7	10	6	53	120	119	91	
10	8	11	7	28	17	15	124	116	123	
11	9	12	8	6	63	45	
12	10	13	9	113	6	
13	11	14	10	23	24	20	108	113	15	
14	12	15	11	119	105	76	
15	13	16	12	105	119	
16	14	17	13	9	100	12	
17	15	18	14	19	122	
18	16	19	15	9	118	
19	17	20	16	82	75	
20	18	21	17	16	
21	19	18	31	23	12	37	
22	20	23	19	118	52	
23	21	24	94	104	
24	22	25	21	20	12	66	27	46	42	70	99	98	
25	23	26	22	63	12	47	
26	24	27	23	125	
27	25	28	24	95	62	
28	26	29	25	23	
29	27	30	26	9	58	
30	28	31	27	52	94	124	53	
31	29	32	28	52	
32	30	33	29	20	
33	31	34	30	76	39	84	
34	32	35	31	37	
35	33	36	32	111	37	98	
36	34	37	33	119	79	
37	35	38	34	40	121	
38	36	39	35	33	34	20	
39	37	40	36	6	104	
40	38	41	37	86	32	42	124	
41	39	42	38	36	
40	43	39	65	
43	44	40	39	23	94	
44	42	45	41	83	127	88	65	
45	43	46	42	47	73	
46	44	47	43	120	10	1	
47	45	48	44	50	79	23	49	101	
48	46	49	45	44	24	
49	47	50	46	
50	48	51	47	46	
51	49	52	48	46	53	65	
52	50	53	49	116	
53	51	54	50	29	72	77	30	114	73	120	94	21	
54	52	55	51	8	50	106	29	91	
55	53	56	52	127	3	83	
56	54	57	53	67	
57	55	58	54	
58	56	59	55	70	
59	57	60	56	28	
60	58	61	57	100	
61	59	62	58	65	68	
62	60	63	59	106	108	
63	61	64	60	26	
64	62	65	61	24	10	121	66	
65	63	66	62	124	109	
66	64	67	63	60	68	50	43	41	
67	65	68	64	23	73	105	63	
68	66	69	65	55	2	
69	67	70	66	123	65	60	
70	68	71	67	76	
71	69	72	68	57	23	84	
72	70	73	69	75	
73	71	74	70	52	112	114	117	
74	72	75	71	44	4	66	83	52	
75	73	76	72	112	83	
76	74	77	73	71	99	18	
77	75	74	32	13	69	105	
78	76	79	75	120	52	88	89	
79	77	80	
80	78	81	77	83	35	4	46	91	121	
81	79	82	78	
82	80	83	79	
83	81	84	80	18	
84	82	85	81	79	43	73	54	74	
85	83	86	82	70	32	
86	84	87	83	120	
87	85	88	84	39	
88	86	89	85	100	125	
89	87	90	86	77	95	43	
90	88	91	87	77	
91	89	92	88	
92	90	93	89	79	5	8	53	
93	91	94	90	
94	92	95	91	
95	93	96	92	22	115	29	42	52	
96	94	97	93	88	26	
97	95	98	94	5	
98	96	99	95	
99	97	100	96	124	34	23	
98	101	97	100	23	75	
101	102	98	15	87	99	59	
102	100	103	99	46	
103	101	104	100	
104	102	105	101	123	119	
105	103	106	102	38	22	
106	104	107	103	13	66	14	76	
107	105	108	104	61	53	
108	106	109	105	126	
109	107	110	106	126	12	61	
110	108	111	107	112	126	64	113	
111	109	112	108	
112	110	113	109	34	
113	111	114	110	109	72	74	
114	112	115	111	11	12	109	
115	113	116	112	72	52	
116	114	117	113	94	
117	115	118	114	51	9	
118	116	119	115	72	
119	117	120	116	17	3	21	
120	118	121	117	13	35	103	14	8	
121	119	122	118	77	45	8	123	52	85	
122	120	123	119	36	63	79	
123	121	124	120	16	
124	122	125	121	103	68	9	120	
125	123	126	122	98	64	9	29	39	
126	124	127	123	25	7	87	
127	125	124	109	108	107	
126	1	125	54	43	
