128	659

3	127	55	106	
4	85	
4	5	1	56	85	
5	3	6	2	61	95	99	
6	4	7	3	14	56	
7	5	8	4	56	14	68	36	45	75	
8	6	9	5	44	82	
9	7	10	6	37	82	34	44	
10	8	11	7	44	
11	9	12	8	24	62	
12	10	13	9	48	
13	11	14	10	
14	12	15	11	36	
15	13	16	12	5	6	121	84	
16	14	17	13	49	114	30	63	
17	15	18	14	56	20	83	114	
18	16	19	15	72	48	
19	17	20	16	
20	18	21	17	73	
21	19	22	18	35	16	
22	20	23	19	
21	24	20	66	26	37	48	38	64	
24	25	21	67	
25	23	26	22	87	10	30	27	102	
26	24	27	23	
27	25	28	24	22	
28	26	29	25	24	
29	27	30	26	64	40	
30	28	31	27	32	36	56	113	
31	29	32	28	24	15	33	
32	30	33	29	101	
33	31	34	30	121	29	36	
34	32	35	31	30	57	46	
35	33	36	32	81	8	
36	34	37	33	124	20	65	
37	35	38	34	71	13	29	32	6	41	
38	36	39	35	8	22	66	
39	37	40	36	120	22	66	111	113	
40	38	41	37	120	
41	39	42	38	28	99	81	
42	40	43	39	89	58	95	36	
43	41	44	40	
44	42	45	41	46	79	
45	43	46	42	7	9	8	82	
46	44	47	43	6	
47	45	48	44	55	63	43	59	33	
48	46	49	45	61	
49	47	50	46	97	22	11	17	53	55	
50	48	51	47	15	99	
51	49	52	48	53	111	
52	50	53	49	90	75	121	
53	51	54	50	90	85	
54	52	55	51	50	48	90	
55	53	56	52	
56	54	57	53	1	46	105	123	48	
57	55	58	54	100	6	5	105	88	29	16	3	83	
58	56	59	55	33	
59	57	60	56	41	61	100	
60	58	61	57	46	
59	62	58	100	99	
62	63	59	4	47	58	95	109	
63	61	64	60	10	65	
64	62	65	61	46	15	
65	63	66	62	22	86	28	
66	64	67	63	62	35	
65	68	64	22	37	38	109	
68	69	65	23	115	97	
69	67	70	66	71	6	
70	68	71	67	108	
71	69	72	68	
72	70	73	69	68	36	
73	71	74	70	17	
74	72	75	71	19	81	
75	73	76	72	
76	74	77	73	78	51	117	124	6	
77	75	78	74	95	
76	79	75	126	125	
79	80	76	75	124	122	109	123	
80	78	81	77	95	43	
81	79	82	78	
82	80	83	79	34	84	40	73	120	
83	81	84	80	8	44	7	
84	82	85	81	121	119	56	16	
85	83	86	82	108	81	107	14	
86	84	87	83	90	2	52	3	
87	85	88	84	90	64	
88	86	89	85	24	104	
89	87	90	86	91	56	104	99	
90	88	91	87	41	99	
91	89	92	88	51	86	52	85	53	
92	90	93	89	88	108	109	
91	94	90	96	
94	95	91	97	
95	93	96	92	97	
96	94	97	93	76	79	98	41	4	61	
95	98	94	92	97	
98	99	95	93	48	94	96	67	
99	97	100	96	95	101	
100	98	101	97	89	40	115	49	60	4	88	
101	99	102	98	56	60	58	
102	100	103	99	31	98	
103	101	104	100	24	
104	102	105	101	118	
105	103	106	102	87	88	
106	104	107	103	56	55	
107	105	108	104	1	
108	106	109	105	126	84	
109	107	110	106	69	91	84	
110	108	111	107	120	66	78	61	91	
111	109	112	108	115	117	
112	110	113	109	50	124	38	
113	111	114	110	122	115	
114	112	115	111	38	29	
115	113	116	112	15	117	16	
116	114	117	113	67	110	99	112	
117	115	118	114	
118	116	119	115	110	75	114	
119	117	120	116	103	
120	118	121	117	83	
121	119	122	118	38	39	109	81	
122	120	123	119	32	83	14	51	
123	121	124	120	112	78	
124	122	125	121	78	55	
125	123	122	35	111	78	75	
126	124	123	77	
127	125	107	77	
126	1	
