128	656

2	3	127	
3	1	4	
4	2	5	1	122	
5	3	6	2	93	83	
6	4	7	3	32	17	
7	5	8	4	22	
8	6	9	5	
9	7	10	6	
10	8	11	7	58	36	
11	9	12	8	
12	10	13	9	34	
13	11	14	10	80	
14	12	15	11	25	24	66	101	64	
15	13	16	12	26	60	35	17	125	
16	14	17	13	22	
17	15	18	14	23	90	49	
18	16	19	15	54	5	14	
19	17	20	16	23	
20	18	21	17	52	23	51	
21	19	22	18	118	23	
22	20	23	19	97	127	44	
23	21	24	20	34	40	6	33	15	
24	22	25	21	74	16	19	98	18	20	
25	23	26	22	13	125	
26	24	27	23	74	13	58	
25	28	24	29	14	
28	29	25	30	63	
29	27	30	26	87	
30	28	31	27	26	122	91	87	
31	29	32	28	111	27	33	
32	30	33	29	71	126	38	125	34	35	
33	31	34	30	5	48	126	83	
34	32	35	31	22	30	
35	33	36	32	22	42	11	123	31	
36	34	37	33	38	14	31	
37	35	38	34	57	39	83	9	
38	36	39	35	104	57	
39	37	40	36	35	31	85	
40	38	41	37	36	67	72	
41	39	42	38	22	56	
40	43	39	64	108	102	53	
43	44	40	34	99	97	85	
44	42	45	41	118	72	
43	46	42	127	72	21	116	
46	47	43	114	122	
47	45	48	44	123	
48	46	49	45	105	87	51	
49	47	50	46	32	93	
50	48	51	47	16	
51	49	52	48	71	69	
52	50	53	49	19	74	47	54	
53	51	54	50	19	
54	52	55	51	117	41	
55	53	56	52	17	110	51	
56	54	57	53	82	
57	55	58	54	78	82	40	76	77	
58	56	59	55	36	82	37	
59	57	60	56	9	25	
60	58	61	57	82	62	
59	62	58	63	68	14	103	77	
62	63	59	104	
63	61	64	60	92	59	79	
64	62	65	61	60	114	116	27	
65	63	66	62	41	121	13	
66	64	67	63	107	122	
67	65	68	64	107	13	104	
68	66	69	65	39	70	
69	67	70	66	60	
70	68	71	67	50	
71	69	72	68	67	
72	70	73	69	50	31	
73	71	74	70	39	44	43	111	
74	72	75	71	
75	73	76	72	25	23	51	
76	74	77	73	120	79	
77	75	78	74	56	
78	76	79	75	56	60	
79	77	80	76	56	
80	78	81	77	114	113	75	62	
81	79	82	78	12	117	124	
82	80	83	79	107	123	87	
83	81	84	80	56	55	90	57	59	
84	82	85	81	32	36	106	4	
85	83	86	82	127	122	
86	84	87	83	127	38	42	
87	85	88	84	90	
88	86	89	85	108	47	28	81	29	
89	87	90	86	
90	88	91	87	101	
91	89	92	88	16	82	86	
92	90	93	89	29	
93	91	94	90	62	
94	92	95	91	4	48	
95	93	96	92	
96	94	97	93	113	
97	95	98	94	116	
98	96	99	95	21	42	
99	97	100	96	124	23	122	
100	98	97	42	
101	99	102	98	
102	100	103	115	13	89	
103	101	104	100	105	41	
102	105	101	60	
105	102	37	120	122	61	66	
106	104	107	103	47	102	
107	105	108	109	83	
108	106	109	105	81	66	65	
109	107	110	106	87	41	
110	108	111	107	106	124	112	113	
111	109	112	108	54	
112	110	113	109	30	72	
113	111	114	110	109	
114	112	115	111	79	95	109	
115	113	116	112	79	63	117	45	118	
116	114	117	113	127	101	
117	115	118	114	96	63	44	
118	116	119	115	80	53	114	
119	117	120	116	43	20	114	
120	118	121	117	122	
121	119	122	118	123	75	104	
122	120	123	119	64	
123	121	124	120	119	98	29	104	84	45	3	65	
124	122	125	121	120	81	34	46	
125	123	126	122	109	98	80	
126	124	127	123	14	31	24	
127	125	124	31	32	
126	1	125	44	84	115	21	85	
