128	661

2	3	127	
3	1	4	27	5	108	47	56	
4	2	5	1	117	19	6	
5	3	6	2	74	113	114	109	56	99	
6	4	7	3	96	2	
7	5	8	4	10	42	112	3	
8	6	9	5	111	113	95	77	
9	7	10	6	11	
10	8	11	7	
11	9	12	8	6	37	13	
12	10	13	9	8	
13	11	14	10	90	60	
14	12	15	11	17	63	10	
15	13	16	12	34	22	32	
14	17	13	84	32	45	
17	18	14	27	43	34	111	75	
18	16	19	15	81	13	36	
19	17	20	16	
20	18	21	17	40	3	
21	19	22	18	120	58	
22	20	23	19	
23	21	24	20	113	73	14	
24	22	25	21	
25	23	26	22	84	
26	24	27	23	125	57	52	58	
27	25	28	24	106	29	62	
28	26	29	25	16	2	30	
29	27	30	26	121	31	123	
30	28	31	27	75	26	
31	29	32	28	27	125	93	90	
32	30	33	29	28	104	105	
33	31	30	119	92	15	14	
34	32	35	31	
35	33	36	14	16	
36	34	37	33	111	
37	35	38	34	40	100	107	17	
38	36	39	35	61	10	77	
39	37	40	36	124	75	60	103	51	
40	38	41	37	63	
41	39	42	38	19	36	
40	43	39	121	64	115	65	
43	44	40	6	
44	42	45	41	16	96	
45	43	46	42	66	122	
46	44	47	43	48	15	
47	45	48	44	98	79	49	
48	46	49	45	2	
49	47	50	46	45	120	
50	48	51	47	75	77	53	46	58	
49	52	48	74	51	73	106	
52	53	49	50	38	90	
53	51	54	50	85	100	108	79	25	
54	52	51	49	
55	53	56	52	74	73	
56	54	57	74	
57	55	58	54	59	70	4	100	2	119	
58	56	59	55	25	
59	57	60	56	85	20	25	49	
60	58	61	57	56	
61	59	62	58	12	38	
62	60	63	59	37	
63	61	64	60	65	26	111	
64	62	65	61	66	39	13	113	
65	63	66	62	41	89	
66	64	67	63	62	41	
67	65	68	64	44	63	
68	66	69	65	
69	67	70	66	125	124	
70	68	71	67	72	
71	69	72	68	56	
72	70	73	69	74	77	
73	71	74	70	69	
74	72	75	71	22	50	105	54	
75	73	76	72	4	118	50	54	71	55	
76	74	77	73	78	29	79	49	38	16	
77	75	78	74	120	121	79	
78	76	79	75	71	49	37	82	7	
79	77	80	76	75	
80	78	81	77	46	76	75	52	
79	82	78	111	81	
82	83	79	17	84	80	
83	81	84	80	105	77	
84	82	85	81	121	123	
85	83	86	82	15	81	24	105	
86	84	87	83	52	58	
87	85	88	84	
88	86	89	85	90	
89	87	90	86	99	
90	88	91	87	64	94	95	105	
91	89	92	88	99	12	87	30	51	
92	90	93	89	
93	91	94	90	99	32	101	
94	92	95	91	99	116	101	30	
95	93	96	92	89	
96	94	97	93	7	89	
97	95	98	94	5	43	
98	96	99	95	122	
99	97	100	96	46	124	
100	98	101	97	92	90	93	103	4	88	
101	99	102	98	52	36	104	56	
102	100	103	99	104	92	93	
103	101	104	100	
104	102	105	101	99	38	
105	103	106	102	101	31	100	
106	104	107	103	73	82	31	84	89	
107	105	108	104	26	50	
108	106	109	105	111	36	
109	107	110	106	112	2	52	
110	108	111	107	4	
111	109	112	108	117	
112	110	113	109	7	35	107	16	80	62	
113	111	114	110	108	6	116	
114	112	115	111	22	7	4	63	
115	113	116	112	4	
116	114	117	113	41	
117	115	118	114	93	112	
118	116	119	115	110	3	
119	117	120	116	74	
120	118	121	117	32	56	
121	119	122	118	76	20	48	125	
122	120	123	119	28	41	76	83	
123	121	124	120	125	97	44	
124	122	125	121	83	28	
125	123	126	122	38	68	98	
126	124	127	123	122	25	30	68	120	
127	125	124	
126	1	125	
128	661

2	3	127	
3	1	4	27	5	108	47	56	
4	2	5	1	117	19	6	
5	3	6	2	74	113	114	109	56	99	
6	4	7	3	96	2	
7	5	8	4	10	42	112	3	
8	6	9	5	111	113	95	77	
9	7	10	6	11	
10	8	11	7	
11	9	12	8	6	37	13	
12	10	13	9	8	
13	11	14	10	90	60	
14	12	15	11	17	63	10	
15	13	16	12	34	22	32	
14	17	13	84	32	45	
17	18	14	27	43	34	111	75	
18	16	19	15	81	13	36	
19	17	20	16	
20	18	21	17	40	3	
21	19	22	18	120	58	
22	20	23	19	
23	21	24	20	113	73	14	
24	22	25	21	
25	23	26	22	84	
26	24	27	23	125	57	52	58	
27	25	28	24	106	29	62	
28	26	29	25	16	2	30	
29	27	30	26	121	31	123	
30	28	31	27	75	26	
31	29	32	28	27	125	93	90	
32	30	33	29	28	104	105	
33	31	30	119	92	15	14	
34	32	35	31	
35	33	36	14	16	
36	34	37	33	111	
37	35	38	34	40	100	107	17	
38	36	39	35	61	10	77	
39	37	40	36	124	75	60	103	51	
40	38	41	37	63	
41	39	42	38	19	36	
40	43	39	121	64	115	65	
43	44	40	6	
44	42	45	41	16	96	
45	43	46	42	66	122	
46	44	47	43	48	15	
47	45	48	44	98	79	49	
48	46	49	45	2	
49	47	50	46	45	120	
50	48	51	47	75	77	53	46	58	
49	52	48	74	51	73	106	
52	53	49	50	38	90	
53	51	54	50	85	100	108	79	25	
54	52	51	49	
55	53	56	52	74	73	
56	54	57	74	
57	55	58	54	59	70	4	100	2	119	
58	56	59	55	25	
59	57	60	56	85	20	25	49	
60	58	61	57	56	
61	59	62	58	12	38	
62	60	63	59	37	
63	61	64	60	65	26	111	
64	62	65	61	66	39	13	113	
65	63	66	62	41	89	
66	64	67	63	62	41	
67	65	68	64	44	63	
68	66	69	65	
69	67	70	66	125	124	
70	68	71	67	72	
71	69	72	68	56	
72	70	73	69	74	77	
73	71	74	70	69	
74	72	75	71	22	50	105	54	
75	73	76	72	4	118	50	54	71	55	
76	74	77	73	78	29	79	49	38	16	
77	75	78	74	120	121	79	
78	76	79	75	71	49	37	82	7	
79	77	80	76	75	
80	78	81	77	46	76	75	52	
79	82	78	111	81	
82	83	79	17	84	80	
83	81	84	80	105	77	
84	82	85	81	121	123	
85	83	86	82	15	81	24	105	
86	84	87	83	52	58	
87	85	88	84	
88	86	89	85	90	
89	87	90	86	99	
90	88	91	87	64	94	95	105	
91	89	92	88	99	12	87	30	51	
92	90	93	89	
93	91	94	90	99	32	101	
94	92	95	91	99	116	101	30	
95	93	96	92	89	
96	94	97	93	7	89	
97	95	98	94	5	43	
98	96	99	95	122	
99	97	100	96	46	124	
100	98	101	97	92	90	93	103	4	88	
101	99	102	98	52	36	104	56	
102	100	103	99	104	92	93	
103	101	104	100	
104	102	105	101	99	38	
105	103	106	102	101	31	100	
106	104	107	103	73	82	31	84	89	
107	105	108	104	26	50	
108	106	109	105	111	36	
109	107	110	106	112	2	52	
110	108	111	107	4	
111	109	112	108	117	
112	110	113	109	7	35	107	16	80	62	
113	111	114	110	108	6	116	
114	112	115	111	22	7	4	63	
115	113	116	112	4	
116	114	117	113	41	
117	115	118	114	93	112	
118	116	119	115	110	3	
119	117	120	116	74	
120	118	121	117	32	56	
121	119	122	118	76	20	48	125	
122	120	123	119	28	41	76	83	
123	121	124	120	125	97	44	
124	122	125	121	83	28	
125	123	126	122	38	68	98	
126	124	127	123	122	25	30	68	120	
127	125	124	
126	1	125	
128	685
1	127	2	126	124	93	19	
2	0	3	127	95	
3	1	4	0	112	19	106	36	
4	2	5	1	
5	3	2	58	102	
6	4	7	3	58	60	
7	5	8	18	101	83	
8	6	9	5	18	120	39	38	36	122	
9	7	10	6	112	
10	8	11	7	18	
11	9	12	8	118	114	117	116	38	
12	10	13	9	82	
13	11	14	10	19	20	
14	12	15	11	
15	13	16	12	69	37	70	96	119	43	
16	14	17	13	74	44	54	
17	15	18	14	47	76	99	
18	16	19	15	59	57	
19	17	20	16	7	6	50	9	116	
20	18	21	17	12	92	2	63	89	0	110	40	
21	19	22	18	82	112	111	107	12	80	
22	20	23	19	
23	21	24	20	
22	25	21	119	74	
25	26	22	124	74	117	73	30	
26	24	27	23	53	52	
27	25	28	24	
28	26	29	25	30	56	43	
29	27	30	26	35	83	100	58	
30	28	31	27	33	32	119	81	41	
31	29	32	28	27	70	24	91	
32	30	33	29	
33	31	34	30	29	
34	32	35	31	29	99	83	117	
35	33	36	32	
36	34	37	33	28	109	38	
37	35	38	34	77	102	7	2	
38	36	39	35	14	83	
39	37	40	36	89	41	35	67	10	7	
40	38	41	37	78	99	60	7	
41	39	42	38	89	44	52	19	
42	40	43	39	95	38	113	29	94	122	
43	41	44	40	
44	42	45	41	57	27	55	14	
45	43	46	42	15	69	40	
46	44	47	43	105	49	114	
47	45	48	44	81	80	
48	46	49	45	16	76	
49	47	50	46	104	
50	48	51	47	45	
51	49	52	48	18	84	114	
52	50	53	49	98	114	
53	51	54	50	40	25	
54	52	55	51	25	96	
55	53	56	52	116	15	63	119	57	76	
56	54	57	53	63	116	64	110	43	120	
57	55	58	54	27	105	
58	56	59	55	43	89	118	54	17	
59	57	60	56	4	118	71	120	5	114	28	
60	58	61	57	17	
61	59	62	58	39	95	5	
62	60	63	59	102	
63	61	64	60	112	
64	62	65	61	55	19	54	
65	63	66	62	97	125	55	
66	64	67	63	68	91	76	
67	65	68	64	72	95	97	
68	66	69	65	38	
69	67	70	66	65	79	
70	68	71	67	14	44	
69	72	68	127	30	14	84	
72	73	69	58	
73	71	74	70	122	66	103	
74	72	75	71	24	
75	73	76	72	77	15	24	23	
76	74	77	73	78	119	
77	75	78	74	16	47	65	54	
78	76	79	75	74	99	36	
79	77	80	76	39	75	
80	78	81	77	84	106	68	
81	79	82	78	46	86	20	
82	80	83	79	46	86	29	
83	81	84	80	20	11	
84	82	85	81	28	90	33	6	37	
85	83	86	82	79	50	70	
86	84	87	83	126	106	
87	85	88	84	81	124	80	
88	86	89	85	
89	87	90	86	120	
90	88	91	87	38	40	57	19	
91	89	92	88	83	
92	90	93	89	97	107	65	30	108	
93	91	94	90	19	
94	92	95	91	0	102	
95	93	96	92	41	
96	94	97	93	118	41	66	1	60	
97	95	98	94	14	53	99	
98	96	99	95	91	64	66	
99	97	100	96	51	
100	98	101	97	39	77	33	16	96	
101	99	102	98	110	28	
100	103	99	117	6	110	
104	100	93	4	61	36	
104	105	101	72	115	114	
105	103	106	102	48	
106	104	107	103	45	56	
107	105	108	104	117	85	2	113	79	123	
108	106	109	105	91	20	
109	107	110	106	115	91	
110	108	111	107	35	
111	109	112	108	100	101	55	19	
112	110	113	109	20	
113	111	114	110	2	20	8	62	
114	112	115	111	41	106	
115	113	116	112	10	50	45	58	103	51	
116	114	117	113	103	108	
117	115	118	114	54	119	10	18	55	122	
116	115	106	10	24	101	33	
119	120	116	10	58	95	57	
120	118	121	116	23	75	29	54	14	
121	119	122	118	88	7	58	55	
122	120	123	119	124	
123	121	124	120	72	41	116	7	
124	122	125	121	106	
125	123	126	122	24	0	86	121	
126	124	127	123	64	
127	125	0	124	85	
0	126	1	125	70	
