128	668

2	3	127	99	4	32	40	
3	1	4	98	
4	2	5	1	46	66	47	120	48	
5	3	6	2	66	1	98	19	
6	4	7	3	81	22	
7	5	8	4	82	
8	6	9	5	83	16	45	
9	7	10	6	11	82	28	
10	8	11	7	63	49	43	
11	9	12	8	
12	10	13	9	36	79	8	121	14	53	
13	11	14	10	121	
14	12	15	11	109	24	
15	13	16	12	22	21	19	11	
16	14	17	13	26	113	111	104	58	
17	15	18	14	19	91	7	56	
18	16	19	15	111	
19	17	20	16	42	
20	18	21	17	16	64	14	4	
21	19	22	18	103	23	
22	20	23	19	14	27	
23	21	24	20	5	14	80	
24	22	25	21	54	20	59	
25	23	26	22	33	13	
26	24	27	23	118	64	
27	25	28	24	97	99	15	103	
28	26	29	25	97	21	123	120	
29	27	30	26	32	103	8	
30	28	31	27	127	35	126	
31	29	32	28	61	35	36	60	59	62	
32	30	33	29	84	
33	31	34	30	28	1	
34	32	35	31	73	88	24	
35	33	32	91	
36	34	37	33	30	29	109	99	
37	35	11	30	105	
38	36	39	35	120	40	91	
39	37	40	47	
40	38	41	37	114	118	
41	39	42	38	37	1	
42	40	43	39	123	
43	41	44	40	18	
44	42	45	41	102	9	
45	43	46	42	81	84	
46	44	47	43	48	107	72	111	7	
47	45	48	44	3	79	
48	46	49	45	38	54	3	93	118	
49	47	50	46	45	107	3	
50	48	51	47	9	
51	49	52	48	54	57	
52	50	53	49	98	
53	51	54	50	109	55	93	
54	52	55	51	109	11	64	
55	53	56	52	47	23	50	57	
56	54	57	53	106	52	100	
57	55	58	54	120	65	16	62	
58	56	59	55	54	50	89	119	
59	57	60	56	15	
60	58	61	57	30	86	23	
61	59	62	58	30	
62	60	63	59	30	
63	61	64	60	91	30	56	
64	62	65	61	9	112	115	116	106	
65	63	66	62	19	53	25	
66	64	67	63	114	56	120	
67	65	68	64	4	3	
68	66	69	65	126	
69	67	70	66	104	
70	68	71	67	127	89	
71	69	72	68	84	
72	70	73	69	84	
73	71	74	70	107	45	88	98	
74	72	75	71	33	120	95	78	
75	73	76	72	103	
74	77	73	102	79	
77	78	74	103	113	
78	76	79	75	
79	77	80	76	73	
80	78	81	77	11	106	46	75	
81	79	82	78	22	
82	80	83	79	5	44	106	
83	81	84	80	8	6	
84	82	85	81	7	
85	83	86	82	71	70	44	31	118	
86	84	87	83	
87	85	88	84	126	89	59	
88	86	89	85	122	115	97	
89	87	90	86	95	33	72	
90	88	91	87	69	86	57	
91	89	92	88	
92	90	93	89	123	97	62	16	37	127	96	34	
93	91	94	90	95	112	120	
94	92	95	91	52	47	120	
95	93	96	92	105	
96	94	97	93	88	92	73	
97	95	98	94	91	111	
98	96	99	95	27	26	120	91	124	87	
99	97	100	96	51	103	4	2	72	
100	98	101	97	1	26	35	
101	99	102	98	103	55	
102	100	103	99	125	
101	104	100	75	43	
104	105	101	76	100	26	20	98	74	28	
105	103	106	102	68	15	
106	104	107	103	94	36	
107	105	108	104	55	81	79	63	
108	106	109	105	45	72	48	
109	107	110	106	
110	108	111	107	52	53	35	13	
111	109	112	108	
112	110	113	109	45	15	17	96	
113	111	114	110	116	63	92	
114	112	115	111	15	76	
115	113	116	112	39	65	
116	114	117	113	63	87	
117	115	118	114	112	63	
118	116	119	115	
119	117	120	116	39	25	84	47	
120	118	117	57	
121	119	122	118	73	37	56	97	65	93	92	3	27	
122	120	123	11	12	
123	121	124	120	87	
124	122	125	121	91	41	27	
125	123	126	122	97	
126	124	127	123	101	
127	125	124	86	29	67	
126	1	125	29	69	91	
128	668

2	3	127	99	4	32	40	
3	1	4	98	
4	2	5	1	46	66	47	120	48	
5	3	6	2	66	1	98	19	
6	4	7	3	81	22	
7	5	8	4	82	
8	6	9	5	83	16	45	
9	7	10	6	11	82	28	
10	8	11	7	63	49	43	
11	9	12	8	
12	10	13	9	36	79	8	121	14	53	
13	11	14	10	121	
14	12	15	11	109	24	
15	13	16	12	22	21	19	11	
16	14	17	13	26	113	111	104	58	
17	15	18	14	19	91	7	56	
18	16	19	15	111	
19	17	20	16	42	
20	18	21	17	16	64	14	4	
21	19	22	18	103	23	
22	20	23	19	14	27	
23	21	24	20	5	14	80	
24	22	25	21	54	20	59	
25	23	26	22	33	13	
26	24	27	23	118	64	
27	25	28	24	97	99	15	103	
28	26	29	25	97	21	123	120	
29	27	30	26	32	103	8	
30	28	31	27	127	35	126	
31	29	32	28	61	35	36	60	59	62	
32	30	33	29	84	
33	31	34	30	28	1	
34	32	35	31	73	88	24	
35	33	32	91	
36	34	37	33	30	29	109	99	
37	35	11	30	105	
38	36	39	35	120	40	91	
39	37	40	47	
40	38	41	37	114	118	
41	39	42	38	37	1	
42	40	43	39	123	
43	41	44	40	18	
44	42	45	41	102	9	
45	43	46	42	81	84	
46	44	47	43	48	107	72	111	7	
47	45	48	44	3	79	
48	46	49	45	38	54	3	93	118	
49	47	50	46	45	107	3	
50	48	51	47	9	
51	49	52	48	54	57	
52	50	53	49	98	
53	51	54	50	109	55	93	
54	52	55	51	109	11	64	
55	53	56	52	47	23	50	57	
56	54	57	53	106	52	100	
57	55	58	54	120	65	16	62	
58	56	59	55	54	50	89	119	
59	57	60	56	15	
60	58	61	57	30	86	23	
61	59	62	58	30	
62	60	63	59	30	
63	61	64	60	91	30	56	
64	62	65	61	9	112	115	116	106	
65	63	66	62	19	53	25	
66	64	67	63	114	56	120	
67	65	68	64	4	3	
68	66	69	65	126	
69	67	70	66	104	
70	68	71	67	127	89	
71	69	72	68	84	
72	70	73	69	84	
73	71	74	70	107	45	88	98	
74	72	75	71	33	120	95	78	
75	73	76	72	103	
74	77	73	102	79	
77	78	74	103	113	
78	76	79	75	
79	77	80	76	73	
80	78	81	77	11	106	46	75	
81	79	82	78	22	
82	80	83	79	5	44	106	
83	81	84	80	8	6	
84	82	85	81	7	
85	83	86	82	71	70	44	31	118	
86	84	87	83	
87	85	88	84	126	89	59	
88	86	89	85	122	115	97	
89	87	90	86	95	33	72	
90	88	91	87	69	86	57	
91	89	92	88	
92	90	93	89	123	97	62	16	37	127	96	34	
93	91	94	90	95	112	120	
94	92	95	91	52	47	120	
95	93	96	92	105	
96	94	97	93	88	92	73	
97	95	98	94	91	111	
98	96	99	95	27	26	120	91	124	87	
99	97	100	96	51	103	4	2	72	
100	98	101	97	1	26	35	
101	99	102	98	103	55	
102	100	103	99	125	
101	104	100	75	43	
104	105	101	76	100	26	20	98	74	28	
105	103	106	102	68	15	
106	104	107	103	94	36	
107	105	108	104	55	81	79	63	
108	106	109	105	45	72	48	
109	107	110	106	
110	108	111	107	52	53	35	13	
111	109	112	108	
112	110	113	109	45	15	17	96	
113	111	114	110	116	63	92	
114	112	115	111	15	76	
115	113	116	112	39	65	
116	114	117	113	63	87	
117	115	118	114	112	63	
118	116	119	115	
119	117	120	116	39	25	84	47	
120	118	117	57	
121	119	122	118	73	37	56	97	65	93	92	3	27	
122	120	123	11	12	
123	121	124	120	87	
124	122	125	121	91	41	27	
125	123	126	122	97	
126	124	127	123	101	
127	125	124	86	29	67	
126	1	125	29	69	91	
128	681
1	127	2	126	
0	3	127	5	81	20	31	66	53	
4	0	45	43	83	66	94	26	42	
4	5	1	22	
5	3	6	2	83	
6	4	7	3	24	127	1	20	50	
7	5	8	4	93	16	
8	6	9	5	14	122	32	34	
9	7	10	6	43	48	
10	8	11	7	70	71	
11	9	12	8	43	14	27	28	
12	10	13	9	43	66	61	52	
13	11	14	10	125	124	
14	12	15	11	34	33	124	68	
15	13	16	12	7	17	10	18	
16	14	17	13	87	
17	15	18	14	6	
18	16	19	15	14	105	38	
19	17	20	16	14	127	
20	18	21	17	
21	19	22	18	127	24	5	68	1	23	55	
22	20	23	19	
23	21	24	20	57	3	
24	22	25	21	98	57	20	
25	23	26	22	5	20	
26	24	27	23	68	102	
25	28	24	30	41	29	88	44	2	
28	29	25	10	49	50	
29	27	30	26	87	31	10	124	95	33	
28	31	27	26	48	53	
31	32	28	26	55	
32	30	33	29	34	28	1	105	
33	31	34	30	35	122	59	7	55	46	
34	32	35	31	91	13	28	
35	33	36	32	31	7	102	13	78	
36	34	37	33	32	53	127	57	122	
37	35	38	34	68	109	
38	36	39	35	115	57	
39	37	40	36	17	
40	38	41	37	65	83	42	
41	39	42	38	
42	40	43	39	59	26	110	
43	41	44	40	39	2	
44	42	45	41	11	95	10	2	8	123	
45	43	46	42	26	88	90	
46	44	47	43	2	49	
47	45	48	44	32	81	49	
48	46	49	45	107	108	
49	47	50	46	120	29	8	67	
50	48	51	47	97	99	27	45	89	46	76	
51	49	52	48	73	69	53	96	75	5	114	27	
52	50	53	49	110	
53	51	54	50	116	61	11	
52	55	51	50	35	77	54	115	29	1	
55	56	52	79	105	53	83	77	116	
56	54	57	53	83	32	96	30	20	
57	55	58	54	90	
58	56	59	55	22	37	35	23	
59	57	60	56	
60	58	61	57	41	32	93	
61	59	62	58	96	
62	60	63	59	116	112	52	11	
63	61	64	60	96	114	
64	62	65	61	
65	63	66	62	123	
66	64	67	63	39	
65	68	64	11	2	1	
68	69	65	48	
69	67	70	66	36	25	20	77	91	13	
70	68	71	67	73	93	50	126	74	
71	69	72	68	9	
72	70	73	69	9	
73	71	74	70	112	107	113	
74	72	75	71	107	69	50	105	90	76	
75	73	76	72	77	69	
76	74	77	73	50	89	
77	75	78	74	73	49	
78	76	75	53	68	54	74	
79	77	80	76	34	
80	78	81	83	54	122	
81	79	82	78	83	
82	80	79	1	46	
83	81	84	80	85	
84	82	85	55	79	4	39	88	2	54	80	
85	83	86	82	
86	84	87	83	82	111	
87	85	88	84	
88	86	89	85	28	15	98	
89	87	90	86	26	83	44	123	
90	88	91	87	105	75	49	120	
91	89	92	88	94	56	73	44	
92	90	93	89	33	68	
93	91	94	90	98	96	
94	92	95	91	69	6	96	59	
95	93	96	92	117	90	2	115	
96	94	97	93	43	28	
97	95	98	94	92	50	55	62	93	60	
98	96	99	95	103	49	
99	97	100	96	92	23	87	
100	98	101	97	49	
101	99	102	98	103	
102	100	103	99	
103	101	104	100	119	34	25	121	
104	102	105	101	97	100	
105	103	106	102	
106	104	107	103	73	54	89	17	31	
107	105	108	104	118	
108	106	109	105	73	47	72	
109	107	110	106	47	
110	108	111	107	36	
111	109	112	108	41	113	51	
112	110	113	109	85	
113	111	114	110	72	61	
114	112	115	111	72	110	
115	113	116	112	62	50	
116	114	117	113	37	53	94	
117	115	118	114	61	52	54	
118	116	119	115	94	
119	117	120	116	121	106	
120	118	121	117	102	
121	119	122	118	48	89	
122	120	123	119	102	118	
123	121	124	120	7	32	35	79	
124	122	125	121	64	43	88	
125	123	126	122	12	13	28	
126	124	127	123	12	
127	125	0	124	69	
0	126	1	125	20	5	18	35	
