128	653

2	3	127	5	126	68	56	
3	1	4	62	
4	2	5	1	83	
5	3	6	2	81	
6	4	7	3	48	8	1	69	12	88	14	
7	5	8	4	
8	6	9	5	
9	7	10	6	15	5	88	90	127	76	72	
10	8	11	7	102	
11	9	12	8	58	103	121	
12	10	13	9	14	83	
13	11	14	10	5	108	71	
14	12	15	11	16	30	34	110	
15	13	16	12	11	5	
16	14	17	13	8	75	76	74	
17	15	18	14	13	116	32	127	
18	16	19	15	22	
19	17	20	16	116	21	105	70	
18	21	17	37	85	20	
21	22	18	105	19	57	
22	20	23	19	18	63	113	101	
23	21	24	20	17	52	
24	22	25	21	101	
25	23	26	22	96	102	37	101	
26	24	27	23	
27	25	28	24	114	81	
28	26	29	25	38	40	30	
29	27	30	26	101	
30	28	31	27	
31	29	32	28	13	34	27	
32	30	33	29	58	
33	31	34	30	119	69	16	
34	32	35	31	121	50	45	
35	33	36	32	13	81	77	30	
36	34	37	33	58	
37	35	38	34	40	77	53	
38	36	39	35	43	19	24	63	76	
39	37	40	36	27	100	75	
40	38	41	37	68	109	93	
41	39	42	38	36	27	75	
42	40	43	39	94	
43	41	44	40	80	114	121	
44	42	45	41	117	37	
45	43	46	42	114	117	83	
46	44	47	43	107	33	
47	45	48	44	
48	46	49	45	92	93	98	
49	47	50	46	5	96	52	
50	48	51	47	
51	49	52	48	33	
52	50	53	49	
53	51	54	50	48	22	127	111	
54	52	55	51	57	36	56	
55	53	56	52	86	57	
56	54	57	53	116	79	80	
57	55	58	54	60	53	1	
58	56	59	55	53	54	20	
59	57	60	56	31	97	10	35	
60	58	61	57	
61	59	62	58	56	107	
62	60	63	59	127	
63	61	64	60	2	
64	62	65	61	80	21	37	
65	63	66	62	68	
66	64	67	63	99	
67	65	68	64	
68	66	69	65	126	103	
69	67	70	66	64	39	1	94	96	
70	68	71	67	124	126	5	32	
71	69	72	68	18	95	
72	70	73	69	74	12	
73	71	74	70	8	
74	72	75	71	
75	73	76	72	71	15	
76	74	77	73	15	84	86	79	38	40	
77	75	78	74	86	107	15	123	8	37	
78	76	79	75	36	34	125	
79	77	80	76	
80	78	81	77	55	75	114	
81	79	82	78	42	63	55	
82	80	79	34	115	26	4	
83	81	84	80	115	
84	82	85	102	11	3	44	
85	83	86	82	75	87	
86	84	87	83	102	19	103	
87	85	88	84	89	76	54	75	
88	86	89	85	84	
89	87	90	86	8	5	
90	88	91	87	86	
91	89	92	88	8	
92	90	93	89	
93	91	94	90	104	47	
94	92	95	91	47	104	39	
95	93	96	92	119	97	68	41	
96	94	97	93	70	
97	95	98	94	24	48	68	
98	96	99	95	94	58	
99	97	100	96	47	126	
100	98	101	97	65	
101	99	102	98	38	103	
102	100	103	99	28	21	24	23	
103	101	104	100	9	83	24	85	
104	102	105	101	67	85	100	10	
105	103	106	102	92	93	
106	104	107	103	18	20	
107	105	108	104	
108	106	109	105	76	45	120	60	
109	107	110	106	12	
110	108	111	107	39	
111	109	112	108	123	13	
112	110	113	109	52	
113	111	114	110	
114	112	115	111	21	
115	113	116	112	118	117	44	42	26	79	
116	114	117	113	81	82	
117	115	118	114	18	55	16	
118	116	119	115	43	114	44	
119	117	120	116	114	
120	118	121	117	32	94	
121	119	122	118	107	
122	120	123	119	33	42	10	
123	121	124	120	
124	122	125	121	110	76	
125	123	126	122	69	
126	124	127	123	77	
127	125	124	69	1	67	98	
126	1	125	52	61	8	16	
128	653

2	3	127	5	126	68	56	
3	1	4	62	
4	2	5	1	83	
5	3	6	2	81	
6	4	7	3	48	8	1	69	12	88	14	
7	5	8	4	
8	6	9	5	
9	7	10	6	15	5	88	90	127	76	72	
10	8	11	7	102	
11	9	12	8	58	103	121	
12	10	13	9	14	83	
13	11	14	10	5	108	71	
14	12	15	11	16	30	34	110	
15	13	16	12	11	5	
16	14	17	13	8	75	76	74	
17	15	18	14	13	116	32	127	
18	16	19	15	22	
19	17	20	16	116	21	105	70	
18	21	17	37	85	20	
21	22	18	105	19	57	
22	20	23	19	18	63	113	101	
23	21	24	20	17	52	
24	22	25	21	101	
25	23	26	22	96	102	37	101	
26	24	27	23	
27	25	28	24	114	81	
28	26	29	25	38	40	30	
29	27	30	26	101	
30	28	31	27	
31	29	32	28	13	34	27	
32	30	33	29	58	
33	31	34	30	119	69	16	
34	32	35	31	121	50	45	
35	33	36	32	13	81	77	30	
36	34	37	33	58	
37	35	38	34	40	77	53	
38	36	39	35	43	19	24	63	76	
39	37	40	36	27	100	75	
40	38	41	37	68	109	93	
41	39	42	38	36	27	75	
42	40	43	39	94	
43	41	44	40	80	114	121	
44	42	45	41	117	37	
45	43	46	42	114	117	83	
46	44	47	43	107	33	
47	45	48	44	
48	46	49	45	92	93	98	
49	47	50	46	5	96	52	
50	48	51	47	
51	49	52	48	33	
52	50	53	49	
53	51	54	50	48	22	127	111	
54	52	55	51	57	36	56	
55	53	56	52	86	57	
56	54	57	53	116	79	80	
57	55	58	54	60	53	1	
58	56	59	55	53	54	20	
59	57	60	56	31	97	10	35	
60	58	61	57	
61	59	62	58	56	107	
62	60	63	59	127	
63	61	64	60	2	
64	62	65	61	80	21	37	
65	63	66	62	68	
66	64	67	63	99	
67	65	68	64	
68	66	69	65	126	103	
69	67	70	66	64	39	1	94	96	
70	68	71	67	124	126	5	32	
71	69	72	68	18	95	
72	70	73	69	74	12	
73	71	74	70	8	
74	72	75	71	
75	73	76	72	71	15	
76	74	77	73	15	84	86	79	38	40	
77	75	78	74	86	107	15	123	8	37	
78	76	79	75	36	34	125	
79	77	80	76	
80	78	81	77	55	75	114	
81	79	82	78	42	63	55	
82	80	79	34	115	26	4	
83	81	84	80	115	
84	82	85	102	11	3	44	
85	83	86	82	75	87	
86	84	87	83	102	19	103	
87	85	88	84	89	76	54	75	
88	86	89	85	84	
89	87	90	86	8	5	
90	88	91	87	86	
91	89	92	88	8	
92	90	93	89	
93	91	94	90	104	47	
94	92	95	91	47	104	39	
95	93	96	92	119	97	68	41	
96	94	97	93	70	
97	95	98	94	24	48	68	
98	96	99	95	94	58	
99	97	100	96	47	126	
100	98	101	97	65	
101	99	102	98	38	103	
102	100	103	99	28	21	24	23	
103	101	104	100	9	83	24	85	
104	102	105	101	67	85	100	10	
105	103	106	102	92	93	
106	104	107	103	18	20	
107	105	108	104	
108	106	109	105	76	45	120	60	
109	107	110	106	12	
110	108	111	107	39	
111	109	112	108	123	13	
112	110	113	109	52	
113	111	114	110	
114	112	115	111	21	
115	113	116	112	118	117	44	42	26	79	
116	114	117	113	81	82	
117	115	118	114	18	55	16	
118	116	119	115	43	114	44	
119	117	120	116	114	
120	118	121	117	32	94	
121	119	122	118	107	
122	120	123	119	33	42	10	
123	121	124	120	
124	122	125	121	110	76	
125	123	126	122	69	
126	124	127	123	77	
127	125	124	69	1	67	98	
126	1	125	52	61	8	16	
128	673
1	127	2	126	6	116	120	
2	0	3	127	33	94	11	
3	1	4	0	66	80	39	99	
4	2	5	1	50	31	33	92	44	
5	3	6	2	57	126	56	100	91	
6	4	7	3	119	102	118	94	61	
7	5	4	0	74	9	88	62	95	
8	6	9	5	
9	7	10	127	87	
10	8	11	7	72	97	6	
11	9	12	8	13	120	114	
12	10	13	9	76	106	37	36	1	62	
13	11	14	10	65	91	15	38	
14	12	15	11	10	89	
15	13	16	12	18	104	66	
14	17	13	93	12	26	
17	18	14	92	
18	16	19	15	112	99	75	
19	17	20	16	14	65	
20	18	21	17	28	23	91	43	
21	19	22	18	45	
22	20	23	19	115	113	
23	21	24	20	115	87	
24	22	25	21	73	19	
25	23	26	22	
26	24	27	23	68	29	39	
27	25	28	24	73	15	
28	26	29	25	117	66	43	
27	30	26	19	118	89	103	90	
30	31	27	37	25	57	
31	29	32	28	90	
32	30	33	29	101	70	3	109	110	
33	31	34	30	
34	32	35	31	1	101	94	3	
35	33	36	32	
36	34	37	33	41	
37	35	38	34	11	99	62	
38	36	39	35	29	72	11	66	
39	37	40	36	117	47	125	12	
40	38	41	37	2	42	44	64	25	100	
41	39	42	38	125	
42	40	43	39	35	126	
43	41	44	40	39	109	50	
44	42	45	41	59	60	67	50	27	19	
45	43	46	42	39	109	60	120	3	123	
46	44	47	43	126	83	52	20	
47	45	48	44	98	
48	46	49	45	38	62	51	104	
49	47	50	46	117	115	88	
50	48	51	47	124	
51	49	52	48	3	42	43	
52	50	53	49	47	120	
53	51	54	50	61	45	
54	52	55	51	
55	53	56	52	
56	54	57	53	
57	55	58	54	4	
58	56	59	55	4	83	60	29	101	
59	57	60	56	
60	58	61	57	43	
61	59	62	58	121	95	43	57	44	
62	60	63	59	77	76	52	5	73	
63	61	64	60	47	95	6	11	36	
64	62	65	61	
65	63	66	62	100	39	
66	64	67	63	12	18	
67	65	68	64	2	27	37	14	
68	66	69	65	43	
69	67	70	66	25	
70	68	71	67	
71	69	72	68	31	114	94	
72	70	73	69	
73	71	74	70	91	9	37	115	
74	72	75	71	23	26	61	
75	73	76	72	6	
76	74	77	73	112	17	
77	75	78	74	61	11	
78	76	79	75	61	
79	77	80	76	
80	78	81	77	127	
81	79	82	78	2	101	
82	80	83	79	108	123	
83	81	84	80	118	
84	82	85	81	116	45	57	113	99	
85	83	86	82	104	
86	84	87	83	104	89	93	
87	85	88	84	89	
86	89	85	22	119	8	
89	90	86	6	48	
90	88	91	87	86	121	28	85	13	
91	89	92	88	93	28	30	102	
92	90	93	89	72	19	4	12	
91	94	90	16	3	
94	95	91	111	90	112	15	98	85	
95	93	96	92	111	33	1	5	120	70	
96	94	97	93	60	62	6	
97	95	98	94	
98	96	95	9	
99	97	100	96	46	93	
100	98	101	2	17	113	83	36	
101	99	102	98	64	4	39	
102	100	103	99	31	33	80	57	
103	101	104	100	5	90	120	
104	102	105	101	28	
105	103	106	102	85	84	14	47	
106	104	107	103	108	115	
107	105	108	104	11	
108	106	109	105	
109	107	110	106	105	81	118	
110	108	111	107	42	44	31	
111	109	112	108	117	31	
112	110	109	94	116	93	
113	111	114	110	17	93	75	
114	112	115	21	83	99	
115	113	116	112	70	10	
116	114	117	113	22	21	105	72	48	
117	115	118	114	83	111	120	0	
118	116	119	115	27	48	38	110	
119	117	120	116	28	5	108	82	
118	121	117	5	87	
121	122	118	116	94	0	44	102	51	10	
122	120	123	119	60	89	
123	121	124	120	
124	122	125	121	126	81	44	
125	123	126	122	49	
126	124	123	40	38	
127	125	0	124	4	45	41	123	
0	126	1	79	8	
