128	667

2	3	127	126	
3	1	4	6	127	
4	2	5	1	
5	3	6	2	103	105	106	8	46	
6	4	7	3	37	
7	5	8	4	2	40	
8	6	9	5	51	16	109	38	
9	7	10	6	4	
10	8	11	7	45	97	30	
11	9	12	8	27	
12	10	13	9	28	30	105	
13	11	14	10	66	67	28	64	54	
14	12	15	11	118	28	24	
15	13	16	12	88	64	
16	14	17	13	54	95	
17	15	18	14	35	110	7	54	56	
18	16	19	15	105	35	
19	17	20	16	83	
20	18	21	17	38	61	
21	19	22	18	24	61	47	59	
22	20	23	19	82	24	
23	21	24	20	
24	22	25	21	124	
25	23	26	22	20	21	97	27	13	84	
26	24	27	23	91	93	122	
27	25	28	24	46	78	117	
28	26	29	25	73	24	10	
29	27	30	26	40	11	13	12	
30	28	31	27	
31	29	32	28	40	11	88	9	
32	30	33	29	88	65	
33	31	34	30	88	102	73	41	49	
34	32	35	31	104	127	36	83	
35	33	36	32	37	58	
36	34	37	33	16	17	
37	35	38	34	33	
38	36	39	35	5	34	
39	37	40	36	95	75	19	7	
40	38	41	37	42	103	
41	39	42	38	30	28	6	
42	40	43	39	61	32	
43	41	44	40	39	115	77	
44	42	45	41	56	
45	43	46	42	66	
46	44	47	43	9	
47	45	48	44	26	4	
48	46	49	45	20	
49	47	50	46	78	109	
50	48	51	47	73	32	108	
51	49	52	48	93	53	60	80	
52	50	53	49	7	106	117	
53	51	54	50	
54	52	55	51	111	50	56	82	
55	53	56	52	15	16	12	69	
56	54	57	53	
55	58	54	43	53	16	
58	59	55	
59	57	60	56	34	
60	58	61	57	20	
61	59	62	58	50	
62	60	63	59	20	41	19	
63	61	64	60	116	
64	62	65	61	105	
65	63	66	62	80	12	122	14	
66	64	67	63	31	
67	65	68	64	44	12	98	75	94	
68	66	69	65	12	
69	67	70	66	
70	68	71	67	54	121	
71	69	72	68	75	121	85	89	111	
72	70	73	69	125	84	116	
73	71	74	70	116	
74	72	75	71	27	32	49	
75	73	76	72	83	
76	74	77	73	124	38	70	103	66	106	
77	75	78	74	90	85	
78	76	79	75	42	
79	77	80	76	48	26	
80	78	81	77	98	99	115	97	
81	79	82	78	64	50	
82	80	83	79	101	
83	81	84	80	21	118	53	119	
82	85	81	18	99	74	106	33	
85	86	82	125	71	107	24	
86	84	87	83	70	76	
87	85	88	84	122	119	93	94	
88	86	89	85	120	114	
89	87	90	86	31	32	30	14	
90	88	91	87	70	
91	89	92	88	76	
92	90	93	89	95	25	120	
93	91	94	90	120	97	
94	92	95	91	50	127	86	25	
95	93	96	92	66	86	
96	94	97	93	38	116	91	15	
97	95	98	94	116	
98	96	99	95	9	79	24	92	
99	97	100	96	79	104	114	66	117	
100	98	101	97	79	83	102	
101	99	102	98	120	
102	100	103	99	81	
103	101	104	100	32	122	99	
104	102	105	101	4	75	39	121	
105	103	106	102	33	98	
106	104	107	103	4	17	11	63	
105	108	104	109	4	51	122	75	83	
108	109	105	84	
109	107	110	106	111	49	
110	108	111	107	106	7	48	120	
111	109	112	108	16	
112	110	109	114	53	108	70	
113	111	114	110	
114	112	115	
115	113	116	112	120	111	118	98	87	
116	114	117	113	79	42	
117	115	118	114	120	62	96	95	125	119	71	72	
118	116	119	115	98	51	26	
119	117	120	116	114	13	82	
120	118	121	117	86	116	82	
121	119	122	118	116	114	92	87	91	100	109	
122	120	123	119	124	70	69	103	
123	121	124	120	86	106	102	64	25	
124	122	125	121	
125	123	126	122	121	75	23	
126	124	127	123	116	84	71	
127	125	124	1	
126	1	125	2	93	33	
128	667

2	3	127	126	
3	1	4	6	127	
4	2	5	1	
5	3	6	2	103	105	106	8	46	
6	4	7	3	37	
7	5	8	4	2	40	
8	6	9	5	51	16	109	38	
9	7	10	6	4	
10	8	11	7	45	97	30	
11	9	12	8	27	
12	10	13	9	28	30	105	
13	11	14	10	66	67	28	64	54	
14	12	15	11	118	28	24	
15	13	16	12	88	64	
16	14	17	13	54	95	
17	15	18	14	35	110	7	54	56	
18	16	19	15	105	35	
19	17	20	16	83	
20	18	21	17	38	61	
21	19	22	18	24	61	47	59	
22	20	23	19	82	24	
23	21	24	20	
24	22	25	21	124	
25	23	26	22	20	21	97	27	13	84	
26	24	27	23	91	93	122	
27	25	28	24	46	78	117	
28	26	29	25	73	24	10	
29	27	30	26	40	11	13	12	
30	28	31	27	
31	29	32	28	40	11	88	9	
32	30	33	29	88	65	
33	31	34	30	88	102	73	41	49	
34	32	35	31	104	127	36	83	
35	33	36	32	37	58	
36	34	37	33	16	17	
37	35	38	34	33	
38	36	39	35	5	34	
39	37	40	36	95	75	19	7	
40	38	41	37	42	103	
41	39	42	38	30	28	6	
42	40	43	39	61	32	
43	41	44	40	39	115	77	
44	42	45	41	56	
45	43	46	42	66	
46	44	47	43	9	
47	45	48	44	26	4	
48	46	49	45	20	
49	47	50	46	78	109	
50	48	51	47	73	32	108	
51	49	52	48	93	53	60	80	
52	50	53	49	7	106	117	
53	51	54	50	
54	52	55	51	111	50	56	82	
55	53	56	52	15	16	12	69	
56	54	57	53	
55	58	54	43	53	16	
58	59	55	
59	57	60	56	34	
60	58	61	57	20	
61	59	62	58	50	
62	60	63	59	20	41	19	
63	61	64	60	116	
64	62	65	61	105	
65	63	66	62	80	12	122	14	
66	64	67	63	31	
67	65	68	64	44	12	98	75	94	
68	66	69	65	12	
69	67	70	66	
70	68	71	67	54	121	
71	69	72	68	75	121	85	89	111	
72	70	73	69	125	84	116	
73	71	74	70	116	
74	72	75	71	27	32	49	
75	73	76	72	83	
76	74	77	73	124	38	70	103	66	106	
77	75	78	74	90	85	
78	76	79	75	42	
79	77	80	76	48	26	
80	78	81	77	98	99	115	97	
81	79	82	78	64	50	
82	80	83	79	101	
83	81	84	80	21	118	53	119	
82	85	81	18	99	74	106	33	
85	86	82	125	71	107	24	
86	84	87	83	70	76	
87	85	88	84	122	119	93	94	
88	86	89	85	120	114	
89	87	90	86	31	32	30	14	
90	88	91	87	70	
91	89	92	88	76	
92	90	93	89	95	25	120	
93	91	94	90	120	97	
94	92	95	91	50	127	86	25	
95	93	96	92	66	86	
96	94	97	93	38	116	91	15	
97	95	98	94	116	
98	96	99	95	9	79	24	92	
99	97	100	96	79	104	114	66	117	
100	98	101	97	79	83	102	
101	99	102	98	120	
102	100	103	99	81	
103	101	104	100	32	122	99	
104	102	105	101	4	75	39	121	
105	103	106	102	33	98	
106	104	107	103	4	17	11	63	
105	108	104	109	4	51	122	75	83	
108	109	105	84	
109	107	110	106	111	49	
110	108	111	107	106	7	48	120	
111	109	112	108	16	
112	110	109	114	53	108	70	
113	111	114	110	
114	112	115	
115	113	116	112	120	111	118	98	87	
116	114	117	113	79	42	
117	115	118	114	120	62	96	95	125	119	71	72	
118	116	119	115	98	51	26	
119	117	120	116	114	13	82	
120	118	121	117	86	116	82	
121	119	122	118	116	114	92	87	91	100	109	
122	120	123	119	124	70	69	103	
123	121	124	120	86	106	102	64	25	
124	122	125	121	
125	123	126	122	121	75	23	
126	124	127	123	116	84	71	
127	125	124	1	
126	1	125	2	93	33	
128	681
1	127	2	126	
2	0	3	127	63	98	94	112	24	
3	1	4	0	11	21	25	
4	2	5	1	52	123	99	73	125	
5	3	6	2	117	69	70	
6	4	7	3	75	84	22	
7	5	8	4	123	117	
8	6	9	5	
9	7	10	6	25	86	66	71	
10	8	11	7	
11	9	12	8	
12	10	13	9	2	81	19	
13	11	14	10	110	
14	12	15	11	39	
15	13	16	12	126	17	37	105	120	
16	14	17	13	98	20	108	63	
17	15	18	14	79	26	80	33	
18	16	19	15	99	14	47	48	
19	17	20	16	113	111	
20	18	21	17	11	91	43	25	
21	19	18	105	22	15	
22	20	23	19	2	
23	21	24	5	20	
24	22	25	21	120	78	32	
25	23	26	22	112	1	
26	24	27	23	8	97	19	2	
27	25	28	24	16	
28	26	29	25	120	82	
29	27	30	26	65	66	
30	28	31	27	65	64	
31	29	32	28	
32	30	33	29	99	101	
33	31	34	30	23	
34	32	35	31	16	
35	33	36	32	116	114	38	113	
36	34	37	33	86	65	
37	35	38	34	125	75	
38	36	39	35	127	14	95	
39	37	40	36	53	34	
40	38	41	37	13	73	97	58	67	
41	39	42	38	71	126	
42	40	43	39	58	103	
43	41	44	40	
44	42	45	41	111	19	
45	43	46	42	59	79	
46	44	47	43	103	111	
47	45	48	44	108	49	
48	46	49	45	103	108	17	50	
49	47	50	46	67	102	17	
50	48	51	47	114	108	110	93	95	46	
51	49	52	48	47	114	
52	50	53	49	
53	51	54	50	121	73	3	71	113	
54	52	55	51	38	119	
55	53	56	52	
56	54	57	53	97	
57	55	58	54	71	105	95	116	118	
58	56	59	55	
59	57	60	56	41	62	39	
60	58	61	57	44	
61	59	62	58	127	73	
62	60	63	59	113	107	93	104	92	
63	61	64	60	65	72	100	58	
64	62	65	61	1	84	67	15	
65	63	66	62	29	121	
66	64	67	63	62	29	28	35	
67	65	68	64	96	8	28	
68	66	69	65	48	70	108	39	107	63	
69	67	70	66	74	72	75	
70	68	71	67	4	118	
71	69	72	68	116	67	4	
72	70	73	69	56	40	102	8	52	
73	71	74	70	62	80	68	
74	72	75	71	39	52	60	105	3	
75	73	76	72	68	
74	77	73	5	36	68	
77	78	74	122	
78	76	79	75	109	
79	77	80	76	85	97	23	
80	78	81	77	96	16	97	44	
81	79	82	78	72	16	104	
82	80	83	79	11	
83	81	84	80	89	101	27	
84	82	85	81	93	97	
85	83	86	82	97	5	63	
86	84	87	83	78	
87	85	88	84	8	35	
88	86	89	85	
89	87	90	86	
90	88	91	87	82	
91	89	92	88	94	107	118	112	
92	90	93	89	19	120	
93	91	94	90	61	
94	92	95	91	83	119	61	49	
95	93	96	92	90	1	
96	94	97	93	56	111	117	37	49	
97	95	98	94	79	66	
98	96	99	95	83	78	101	84	39	55	25	79	
99	97	100	96	15	1	
100	98	101	97	17	31	3	
101	99	102	98	62	
102	100	103	99	97	82	119	31	
103	101	104	100	48	71	
104	102	105	101	47	45	41	
105	103	106	102	117	61	80	
106	104	107	103	20	56	112	14	73	
107	105	108	104	
108	106	109	105	113	61	90	67	
109	107	110	106	47	46	115	67	49	15	
110	108	111	107	77	
111	109	112	108	119	12	49	126	
112	110	113	109	43	95	45	18	
113	111	114	110	24	1	105	90	
114	112	115	111	18	61	107	127	34	52	
115	113	116	112	34	49	50	
116	114	117	113	108	
117	115	118	114	34	120	56	70	
118	116	119	115	4	104	95	6	
119	117	120	116	121	56	69	90	
120	118	121	117	110	93	53	101	
121	119	122	118	116	23	27	14	91	
122	120	123	119	118	52	64	
123	121	124	120	76	
124	122	125	121	6	3	126	
125	123	126	122	
126	124	127	123	36	3	
127	125	0	124	14	40	123	110	
0	126	1	125	60	37	113	
128	681
1	127	2	126	
2	0	3	127	63	98	94	112	24	
3	1	4	0	11	21	25	
4	2	5	1	52	123	99	73	125	
5	3	6	2	117	69	70	
6	4	7	3	75	84	22	
7	5	8	4	123	117	
8	6	9	5	
9	7	10	6	25	86	66	71	
10	8	11	7	
11	9	12	8	
12	10	13	9	2	81	19	
13	11	14	10	110	
14	12	15	11	39	
15	13	16	12	126	17	37	105	120	
16	14	17	13	98	20	108	63	
17	15	18	14	79	26	80	33	
18	16	19	15	99	14	47	48	
19	17	20	16	113	111	
20	18	21	17	11	91	43	25	
21	19	18	105	22	15	
22	20	23	19	2	
23	21	24	5	20	
24	22	25	21	120	78	32	
25	23	26	22	112	1	
26	24	27	23	8	97	19	2	
27	25	28	24	16	
28	26	29	25	120	82	
29	27	30	26	65	66	
30	28	31	27	65	64	
31	29	32	28	
32	30	33	29	99	101	
33	31	34	30	23	
34	32	35	31	16	
35	33	36	32	116	114	38	113	
36	34	37	33	86	65	
37	35	38	34	125	75	
38	36	39	35	127	14	95	
39	37	40	36	53	34	
40	38	41	37	13	73	97	58	67	
41	39	42	38	71	126	
42	40	43	39	58	103	
43	41	44	40	
44	42	45	41	111	19	
45	43	46	42	59	79	
46	44	47	43	103	111	
47	45	48	44	108	49	
48	46	49	45	103	108	17	50	
49	47	50	46	67	102	17	
50	48	51	47	114	108	110	93	95	46	
51	49	52	48	47	114	
52	50	53	49	
53	51	54	50	121	73	3	71	113	
54	52	55	51	38	119	
55	53	56	52	
56	54	57	53	97	
57	55	58	54	71	105	95	116	118	
58	56	59	55	
59	57	60	56	41	62	39	
60	58	61	57	44	
61	59	62	58	127	73	
62	60	63	59	113	107	93	104	92	
63	61	64	60	65	72	100	58	
64	62	65	61	1	84	67	15	
65	63	66	62	29	121	
66	64	67	63	62	29	28	35	
67	65	68	64	96	8	28	
68	66	69	65	48	70	108	39	107	63	
69	67	70	66	74	72	75	
70	68	71	67	4	118	
71	69	72	68	116	67	4	
72	70	73	69	56	40	102	8	52	
73	71	74	70	62	80	68	
74	72	75	71	39	52	60	105	3	
75	73	76	72	68	
74	77	73	5	36	68	
77	78	74	122	
78	76	79	75	109	
79	77	80	76	85	97	23	
80	78	81	77	96	16	97	44	
81	79	82	78	72	16	104	
82	80	83	79	11	
83	81	84	80	89	101	27	
84	82	85	81	93	97	
85	83	86	82	97	5	63	
86	84	87	83	78	
87	85	88	84	8	35	
88	86	89	85	
89	87	90	86	
90	88	91	87	82	
91	89	92	88	94	107	118	112	
92	90	93	89	19	120	
93	91	94	90	61	
94	92	95	91	83	119	61	49	
95	93	96	92	90	1	
96	94	97	93	56	111	117	37	49	
97	95	98	94	79	66	
98	96	99	95	83	78	101	84	39	55	25	79	
99	97	100	96	15	1	
100	98	101	97	17	31	3	
101	99	102	98	62	
102	100	103	99	97	82	119	31	
103	101	104	100	48	71	
104	102	105	101	47	45	41	
105	103	106	102	117	61	80	
106	104	107	103	20	56	112	14	73	
107	105	108	104	
108	106	109	105	113	61	90	67	
109	107	110	106	47	46	115	67	49	15	
110	108	111	107	77	
111	109	112	108	119	12	49	126	
112	110	113	109	43	95	45	18	
113	111	114	110	24	1	105	90	
114	112	115	111	18	61	107	127	34	52	
115	113	116	112	34	49	50	
116	114	117	113	108	
117	115	118	114	34	120	56	70	
118	116	119	115	4	104	95	6	
119	117	120	116	121	56	69	90	
120	118	121	117	110	93	53	101	
121	119	122	118	116	23	27	14	91	
122	120	123	119	118	52	64	
123	121	124	120	76	
124	122	125	121	6	3	126	
125	123	126	122	
126	124	127	123	36	3	
127	125	0	124	14	40	123	110	
0	126	1	125	60	37	113	
