128	684

2	3	127	40	81	39	
3	1	4	127	126	121	59	34	
4	2	5	1	81	40	127	
5	3	6	2	117	
6	4	7	3	
7	5	8	4	116	97	
8	6	9	5	51	16	103	59	
9	7	10	6	28	49	48	114	51	
10	8	11	7	23	
11	9	12	8	24	53	66	108	107	35	
12	10	13	9	71	
13	11	14	10	
14	12	15	11	33	16	
15	13	16	12	60	
16	14	17	13	117	87	
15	18	14	62	119	7	43	13	
18	19	15	110	74	55	94	56	20	
19	17	20	16	33	54	32	
20	18	21	17	33	
21	19	22	18	76	112	17	34	50	
22	20	23	19	24	108	
23	21	24	20	65	
24	22	25	21	118	9	51	
25	23	26	22	21	10	72	85	46	71	56	106	
26	24	27	23	29	71	56	
25	28	24	74	93	91	108	50	
28	29	25	73	75	72	
29	27	30	26	48	8	75	121	
30	28	31	27	81	25	102	
31	29	32	28	58	
32	30	33	29	118	
33	31	34	30	71	18	
34	32	35	31	18	13	19	108	68	71	
35	33	36	32	57	20	2	
36	34	37	33	118	10	
37	35	38	34	66	
38	36	39	35	65	
39	37	40	36	76	98	
40	38	41	37	73	85	58	1	
41	39	42	38	55	1	100	3	
42	40	43	39	44	82	
43	41	44	40	
44	42	45	41	16	
45	43	46	42	104	41	83	48	
46	44	47	43	
47	45	48	44	111	100	24	58	
48	46	49	45	
49	47	50	46	28	44	8	
50	48	51	47	53	8	87	
51	49	52	48	100	26	20	
52	50	53	49	7	119	23	8	
53	51	54	50	66	55	
54	52	55	51	10	49	108	92	
55	53	56	52	18	86	
56	54	57	53	17	40	52	83	111	
55	58	54	17	25	81	24	117	65	
58	59	55	34	94	95	
59	57	60	56	30	39	46	
60	58	61	57	2	72	7	
61	59	62	58	120	106	104	108	14	
62	60	63	59	123	124	101	
63	61	64	60	75	66	65	16	124	80	
64	62	65	61	67	
65	63	66	62	77	
66	64	67	63	62	124	94	37	22	56	
67	65	68	64	62	80	10	52	36	
68	66	69	65	63	96	
69	67	70	66	33	74	
70	68	71	67	72	
71	69	68	100	
72	70	73	69	32	33	25	24	11	
73	71	74	98	96	69	24	27	59	
72	75	71	27	39	77	
75	76	72	26	17	126	68	
76	74	77	73	27	62	28	
77	75	78	74	20	38	
78	76	79	75	73	64	
79	77	80	76	119	
80	78	81	77	
81	79	82	78	66	62	94	
82	80	83	79	29	3	1	56	
83	81	84	80	121	41	
84	82	85	81	44	55	
85	83	86	82	106	101	117	124	
86	84	87	83	88	39	24	
87	85	88	84	96	95	54	
88	86	89	85	15	49	
89	87	90	86	95	85	
90	88	91	87	120	122	
91	89	92	88	
92	90	93	89	26	
93	91	94	90	53	
94	92	95	91	26	
95	93	96	92	101	17	80	65	57	110	
96	94	97	93	88	86	57	
97	95	98	94	86	72	67	
98	96	99	95	6	127	
99	97	100	96	72	109	108	38	
100	98	101	97	103	104	
101	99	102	98	46	50	70	104	120	40	
102	100	103	99	94	84	112	61	
103	101	104	100	113	111	108	29	
104	102	105	101	99	7	
105	103	106	102	44	100	60	99	
106	104	107	103	
107	105	108	104	84	110	60	115	24	
108	106	109	105	10	
109	107	110	106	21	53	26	33	60	10	98	102	
110	108	111	107	127	98	
111	109	112	108	17	106	94	
112	110	113	109	46	102	55	
113	111	114	110	101	20	
114	112	115	111	102	124	
115	113	116	112	8	
116	114	117	113	106	
117	115	118	114	6	
118	116	119	115	15	84	4	56	
119	117	120	116	23	123	31	35	
120	118	121	117	122	51	16	124	78	
121	119	122	118	60	89	100	
122	120	123	119	82	28	2	
123	121	124	120	119	89	125	
124	122	125	121	61	118	
125	123	126	122	65	62	119	61	84	113	
126	124	127	123	122	
127	125	124	74	2	
126	1	125	2	109	97	3	
128	684

2	3	127	40	81	39	
3	1	4	127	126	121	59	34	
4	2	5	1	81	40	127	
5	3	6	2	117	
6	4	7	3	
7	5	8	4	116	97	
8	6	9	5	51	16	103	59	
9	7	10	6	28	49	48	114	51	
10	8	11	7	23	
11	9	12	8	24	53	66	108	107	35	
12	10	13	9	71	
13	11	14	10	
14	12	15	11	33	16	
15	13	16	12	60	
16	14	17	13	117	87	
15	18	14	62	119	7	43	13	
18	19	15	110	74	55	94	56	20	
19	17	20	16	33	54	32	
20	18	21	17	33	
21	19	22	18	76	112	17	34	50	
22	20	23	19	24	108	
23	21	24	20	65	
24	22	25	21	118	9	51	
25	23	26	22	21	10	72	85	46	71	56	106	
26	24	27	23	29	71	56	
25	28	24	74	93	91	108	50	
28	29	25	73	75	72	
29	27	30	26	48	8	75	121	
30	28	31	27	81	25	102	
31	29	32	28	58	
32	30	33	29	118	
33	31	34	30	71	18	
34	32	35	31	18	13	19	108	68	71	
35	33	36	32	57	20	2	
36	34	37	33	118	10	
37	35	38	34	66	
38	36	39	35	65	
39	37	40	36	76	98	
40	38	41	37	73	85	58	1	
41	39	42	38	55	1	100	3	
42	40	43	39	44	82	
43	41	44	40	
44	42	45	41	16	
45	43	46	42	104	41	83	48	
46	44	47	43	
47	45	48	44	111	100	24	58	
48	46	49	45	
49	47	50	46	28	44	8	
50	48	51	47	53	8	87	
51	49	52	48	100	26	20	
52	50	53	49	7	119	23	8	
53	51	54	50	66	55	
54	52	55	51	10	49	108	92	
55	53	56	52	18	86	
56	54	57	53	17	40	52	83	111	
55	58	54	17	25	81	24	117	65	
58	59	55	34	94	95	
59	57	60	56	30	39	46	
60	58	61	57	2	72	7	
61	59	62	58	120	106	104	108	14	
62	60	63	59	123	124	101	
63	61	64	60	75	66	65	16	124	80	
64	62	65	61	67	
65	63	66	62	77	
66	64	67	63	62	124	94	37	22	56	
67	65	68	64	62	80	10	52	36	
68	66	69	65	63	96	
69	67	70	66	33	74	
70	68	71	67	72	
71	69	68	100	
72	70	73	69	32	33	25	24	11	
73	71	74	98	96	69	24	27	59	
72	75	71	27	39	77	
75	76	72	26	17	126	68	
76	74	77	73	27	62	28	
77	75	78	74	20	38	
78	76	79	75	73	64	
79	77	80	76	119	
80	78	81	77	
81	79	82	78	66	62	94	
82	80	83	79	29	3	1	56	
83	81	84	80	121	41	
84	82	85	81	44	55	
85	83	86	82	106	101	117	124	
86	84	87	83	88	39	24	
87	85	88	84	96	95	54	
88	86	89	85	15	49	
89	87	90	86	95	85	
90	88	91	87	120	122	
91	89	92	88	
92	90	93	89	26	
93	91	94	90	53	
94	92	95	91	26	
95	93	96	92	101	17	80	65	57	110	
96	94	97	93	88	86	57	
97	95	98	94	86	72	67	
98	96	99	95	6	127	
99	97	100	96	72	109	108	38	
100	98	101	97	103	104	
101	99	102	98	46	50	70	104	120	40	
102	100	103	99	94	84	112	61	
103	101	104	100	113	111	108	29	
104	102	105	101	99	7	
105	103	106	102	44	100	60	99	
106	104	107	103	
107	105	108	104	84	110	60	115	24	
108	106	109	105	10	
109	107	110	106	21	53	26	33	60	10	98	102	
110	108	111	107	127	98	
111	109	112	108	17	106	94	
112	110	113	109	46	102	55	
113	111	114	110	101	20	
114	112	115	111	102	124	
115	113	116	112	8	
116	114	117	113	106	
117	115	118	114	6	
118	116	119	115	15	84	4	56	
119	117	120	116	23	123	31	35	
120	118	121	117	122	51	16	124	78	
121	119	122	118	60	89	100	
122	120	123	119	82	28	2	
123	121	124	120	119	89	125	
124	122	125	121	61	118	
125	123	126	122	65	62	119	61	84	113	
126	124	127	123	122	
127	125	124	74	2	
126	1	125	2	109	97	3	
128	680
1	127	2	126	95	65	79	3	
2	0	3	127	101	
3	1	4	0	43	
4	2	5	1	82	0	54	33	
5	3	6	2	110	26	14	27	29	
6	4	7	3	22	124	120	123	
7	5	8	4	82	104	14	
8	6	9	5	11	92	91	87	
9	7	10	6	42	44	
10	8	11	7	58	71	
11	9	12	8	82	13	124	
12	10	13	9	7	34	
13	11	14	10	
14	12	15	11	41	38	10	
15	13	16	12	4	27	73	6	
16	14	17	13	57	78	23	
17	15	18	14	47	115	
18	16	19	15	77	51	122	
19	17	20	16	36	62	
20	18	21	17	108	
21	19	22	18	94	107	
22	20	23	19	73	63	
23	21	24	20	25	5	
24	22	25	21	29	72	119	112	15	90	
25	23	26	22	86	
26	24	27	23	125	22	68	126	66	
27	25	28	24	4	29	
28	26	29	25	125	4	14	
29	27	30	26	124	
30	28	31	27	114	23	26	4	44	
31	29	32	28	59	44	95	124	
32	30	33	29	101	71	76	
33	31	34	30	
34	32	35	31	85	46	3	47	
35	33	36	32	11	
36	34	37	33	83	61	88	
37	35	38	34	18	
36	39	35	
39	40	36	13	41	
40	38	41	37	
41	39	42	38	100	
42	40	43	39	13	38	
43	41	44	40	8	
44	42	45	41	88	68	108	73	87	89	46	2	
45	43	46	42	30	8	29	
46	44	47	43	
47	45	48	44	43	33	122	127	
48	46	49	45	16	33	
49	47	50	46	123	51	122	113	
50	48	51	47	102	
51	49	52	48	54	113	
52	50	53	49	17	48	96	
53	51	54	50	105	
54	52	55	51	57	85	
55	53	56	52	74	94	50	107	78	3	82	
56	54	57	53	
57	55	58	54	94	
58	56	59	55	79	53	107	15	67	
59	57	60	56	9	96	97	
60	58	61	57	30	120	62	85	65	
61	59	62	58	124	63	126	
62	60	63	59	35	
63	61	64	60	59	65	120	18	
64	62	65	61	60	21	
65	63	66	62	
66	64	67	63	0	62	59	
67	65	68	64	84	105	103	25	
68	66	69	65	91	57	
69	67	70	66	43	104	25	105	
70	68	71	67	75	123	
71	69	72	68	
72	70	73	69	112	83	31	9	101	
73	71	74	70	23	124	
74	72	75	71	21	43	14	86	
75	73	76	72	54	108	
76	74	77	73	69	118	
77	75	78	74	114	31	
78	76	79	75	17	106	
79	77	80	76	15	54	
80	78	81	77	57	94	92	0	
81	79	82	78	83	110	
82	80	83	79	108	127	
83	81	84	80	10	3	6	54	124	
84	82	85	81	80	71	35	96	101	
85	83	86	82	66	
86	84	87	83	33	59	53	
87	85	88	84	24	73	
88	86	89	85	43	7	
89	87	90	86	43	119	91	35	
90	88	91	87	43	
91	89	92	88	23	
92	90	93	89	67	7	88	119	
93	91	94	90	7	79	
94	92	95	91	104	
95	93	96	92	79	54	20	56	
96	94	97	93	0	30	108	
97	95	98	94	83	103	58	51	
98	96	99	95	115	58	
99	97	100	96	101	
100	98	101	97	
101	99	102	98	112	126	40	
102	100	103	99	1	31	98	126	71	83	
103	101	104	100	49	
104	102	105	101	96	66	
105	103	106	102	108	68	107	115	93	6	
106	104	107	103	52	108	66	68	
107	105	108	104	77	
108	106	109	105	110	57	104	54	20	
109	107	110	106	104	43	19	105	81	114	95	74	
110	108	111	107	
111	109	112	108	4	107	80	
112	110	113	109	
113	111	114	110	100	71	23	
114	112	115	111	48	50	
115	113	116	112	76	29	108	
116	114	117	113	104	16	97	
117	115	118	114	120	
118	116	119	115	
119	117	120	116	75	
120	118	121	117	88	23	91	
121	119	122	118	116	59	62	5	
122	120	123	119	125	
123	121	124	120	17	46	48	125	
124	122	125	121	48	69	5	
125	123	126	122	60	28	5	30	72	10	82	
126	124	127	123	27	25	121	122	
127	125	0	124	60	100	25	101	
0	126	1	125	46	81	
