128	682

2	3	127	126	43	
3	1	4	41	
4	2	5	1	36	79	7	12	
5	3	6	2	38	
6	4	7	3	10	
7	5	8	4	13	121	103	
8	6	9	5	121	3	
9	7	10	6	
10	8	11	7	21	81	69	
11	9	12	8	5	
12	10	13	9	81	100	89	
13	11	14	10	64	3	87	
14	12	15	11	6	84	18	
15	13	16	12	39	
16	14	17	13	85	39	96	87	
17	15	18	14	67	85	
18	16	19	15	94	98	83	90	85	
19	17	20	16	92	57	13	
20	18	21	17	27	36	
21	19	22	18	
22	20	23	19	9	46	30	64	66	
23	21	24	20	76	66	47	86	81	84	83	
24	22	25	21	99	
25	23	26	22	97	
24	27	23	77	97	74	
27	28	24	30	59	58	60	
28	26	29	25	19	73	114	
29	27	30	26	107	31	
30	28	27	103	100	70	
31	29	32	28	26	53	21	103	104	63	
32	30	33	102	104	86	28	
33	31	34	30	
34	32	35	31	102	99	
35	33	36	32	111	88	
36	34	37	33	78	52	47	55	
37	35	38	34	3	19	
38	36	39	35	119	
39	37	40	36	41	52	46	4	115	
40	38	41	37	76	15	43	14	
41	39	42	38	64	
42	40	43	39	75	126	2	38	123	
43	41	44	40	92	81	91	56	77	
44	42	45	41	65	39	1	
45	43	46	42	54	119	56	
46	44	47	43	65	
47	45	48	44	21	80	38	52	
48	46	49	45	90	73	35	22	
49	47	50	46	96	86	
50	48	51	47	94	124	
51	49	52	48	
52	50	53	49	
53	51	54	50	35	78	38	55	46	
54	52	55	51	113	30	94	
55	53	56	52	44	66	
56	54	57	53	102	52	58	35	74	79	
57	55	58	54	44	42	
58	56	59	55	60	115	113	18	
59	57	60	56	86	26	55	98	
60	58	61	57	124	85	26	
61	59	62	58	57	70	26	78	
62	60	63	59	113	120	76	68	
63	61	64	60	79	
64	62	65	61	79	101	30	
65	63	66	62	12	21	113	40	
66	64	67	63	43	118	97	45	
67	65	64	54	22	21	
68	66	69	65	16	93	
67	70	92	61	
70	71	67	92	74	9	
71	69	72	68	60	74	29	118	
72	70	73	69	74	
73	71	74	70	
74	72	75	71	27	47	98	122	
75	73	76	72	71	127	69	70	25	104	55	
76	74	77	73	41	104	101	
77	75	78	74	39	22	61	
78	76	79	75	25	42	
79	77	80	76	35	81	52	125	60	
80	78	81	77	3	114	63	62	55	
81	79	82	78	46	
82	80	83	79	11	42	9	78	22	95	
83	81	84	80	
84	82	85	81	109	17	22	
85	83	86	82	13	88	22	87	
86	84	87	83	59	15	16	17	
87	85	88	84	58	31	22	48	
88	86	89	85	90	15	12	84	
89	87	90	86	84	34	98	
90	88	91	87	11	
91	89	92	88	47	87	17	
92	90	93	89	119	42	
93	91	94	90	103	68	42	18	69	
94	92	95	91	118	116	67	
95	93	96	92	17	49	109	53	
96	94	97	93	81	
97	95	98	94	48	15	106	122	
98	96	99	95	25	65	24	127	
99	97	96	101	17	106	73	88	58	
100	98	101	97	33	23	
101	99	102	29	11	120	
102	100	103	99	98	123	75	63	
101	104	100	31	33	55	103	
104	105	101	92	29	30	6	102	
105	103	106	102	31	30	74	75	
106	104	107	103	
107	105	108	104	98	96	
108	106	109	105	28	121	
109	107	110	106	
110	108	111	107	113	120	83	94	
111	109	112	108	127	
112	110	113	109	34	
113	111	114	110	117	
114	112	115	111	109	53	61	64	57	
115	113	116	112	120	117	27	79	
116	114	117	113	57	38	
117	115	118	114	93	
118	116	119	115	114	112	124	120	
119	117	120	116	93	65	70	
120	118	121	117	91	44	37	
121	119	122	118	114	109	61	117	100	
122	120	123	119	7	6	107	
123	121	124	120	73	96	
124	122	125	121	41	101	
125	123	126	122	59	117	49	
124	127	123	78	
124	1	41	
1	125	74	97	110	
128	682

2	3	127	126	43	
3	1	4	41	
4	2	5	1	36	79	7	12	
5	3	6	2	38	
6	4	7	3	10	
7	5	8	4	13	121	103	
8	6	9	5	121	3	
9	7	10	6	
10	8	11	7	21	81	69	
11	9	12	8	5	
12	10	13	9	81	100	89	
13	11	14	10	64	3	87	
14	12	15	11	6	84	18	
15	13	16	12	39	
16	14	17	13	85	39	96	87	
17	15	18	14	67	85	
18	16	19	15	94	98	83	90	85	
19	17	20	16	92	57	13	
20	18	21	17	27	36	
21	19	22	18	
22	20	23	19	9	46	30	64	66	
23	21	24	20	76	66	47	86	81	84	83	
24	22	25	21	99	
25	23	26	22	97	
24	27	23	77	97	74	
27	28	24	30	59	58	60	
28	26	29	25	19	73	114	
29	27	30	26	107	31	
30	28	27	103	100	70	
31	29	32	28	26	53	21	103	104	63	
32	30	33	102	104	86	28	
33	31	34	30	
34	32	35	31	102	99	
35	33	36	32	111	88	
36	34	37	33	78	52	47	55	
37	35	38	34	3	19	
38	36	39	35	119	
39	37	40	36	41	52	46	4	115	
40	38	41	37	76	15	43	14	
41	39	42	38	64	
42	40	43	39	75	126	2	38	123	
43	41	44	40	92	81	91	56	77	
44	42	45	41	65	39	1	
45	43	46	42	54	119	56	
46	44	47	43	65	
47	45	48	44	21	80	38	52	
48	46	49	45	90	73	35	22	
49	47	50	46	96	86	
50	48	51	47	94	124	
51	49	52	48	
52	50	53	49	
53	51	54	50	35	78	38	55	46	
54	52	55	51	113	30	94	
55	53	56	52	44	66	
56	54	57	53	102	52	58	35	74	79	
57	55	58	54	44	42	
58	56	59	55	60	115	113	18	
59	57	60	56	86	26	55	98	
60	58	61	57	124	85	26	
61	59	62	58	57	70	26	78	
62	60	63	59	113	120	76	68	
63	61	64	60	79	
64	62	65	61	79	101	30	
65	63	66	62	12	21	113	40	
66	64	67	63	43	118	97	45	
67	65	64	54	22	21	
68	66	69	65	16	93	
67	70	92	61	
70	71	67	92	74	9	
71	69	72	68	60	74	29	118	
72	70	73	69	74	
73	71	74	70	
74	72	75	71	27	47	98	122	
75	73	76	72	71	127	69	70	25	104	55	
76	74	77	73	41	104	101	
77	75	78	74	39	22	61	
78	76	79	75	25	42	
79	77	80	76	35	81	52	125	60	
80	78	81	77	3	114	63	62	55	
81	79	82	78	46	
82	80	83	79	11	42	9	78	22	95	
83	81	84	80	
84	82	85	81	109	17	22	
85	83	86	82	13	88	22	87	
86	84	87	83	59	15	16	17	
87	85	88	84	58	31	22	48	
88	86	89	85	90	15	12	84	
89	87	90	86	84	34	98	
90	88	91	87	11	
91	89	92	88	47	87	17	
92	90	93	89	119	42	
93	91	94	90	103	68	42	18	69	
94	92	95	91	118	116	67	
95	93	96	92	17	49	109	53	
96	94	97	93	81	
97	95	98	94	48	15	106	122	
98	96	99	95	25	65	24	127	
99	97	96	101	17	106	73	88	58	
100	98	101	97	33	23	
101	99	102	29	11	120	
102	100	103	99	98	123	75	63	
101	104	100	31	33	55	103	
104	105	101	92	29	30	6	102	
105	103	106	102	31	30	74	75	
106	104	107	103	
107	105	108	104	98	96	
108	106	109	105	28	121	
109	107	110	106	
110	108	111	107	113	120	83	94	
111	109	112	108	127	
112	110	113	109	34	
113	111	114	110	117	
114	112	115	111	109	53	61	64	57	
115	113	116	112	120	117	27	79	
116	114	117	113	57	38	
117	115	118	114	93	
118	116	119	115	114	112	124	120	
119	117	120	116	93	65	70	
120	118	121	117	91	44	37	
121	119	122	118	114	109	61	117	100	
122	120	123	119	7	6	107	
123	121	124	120	73	96	
124	122	125	121	41	101	
125	123	126	122	59	117	49	
124	127	123	78	
124	1	41	
1	125	74	97	110	
128	677
1	127	2	126	
2	0	3	127	
3	1	4	0	37	9	91	49	110	
4	2	5	1	
5	3	6	2	109	105	
6	4	7	3	90	28	
7	5	8	4	
8	6	9	5	65	
9	7	10	6	110	65	111	96	
10	8	11	7	123	2	126	90	53	
11	9	12	8	60	104	56	
12	10	13	9	60	
13	11	14	10	90	79	51	63	
14	12	15	11	
15	13	16	12	120	
16	14	17	13	84	
17	15	18	14	91	
18	16	19	15	98	
19	17	20	16	31	117	119	30	51	123	86	29	
20	18	21	17	
21	19	22	18	67	45	69	25	
20	23	19	44	
23	24	20	25	108	42	109	
24	22	25	21	101	80	62	
25	23	26	22	101	102	99	
26	24	27	23	22	87	127	20	
27	25	28	24	31	44	86	46	37	75	
28	26	29	25	30	37	55	83	
29	27	30	26	62	119	72	121	5	
30	28	31	27	18	86	
31	29	32	28	27	83	18	
32	30	33	29	26	18	100	
33	31	34	30	112	
34	32	35	31	
35	33	36	32	38	70	86	53	
36	34	37	33	40	126	38	
37	35	38	34	
38	36	39	35	2	94	26	27	96	
39	37	40	36	34	119	60	35	
40	38	41	37	62	95	106	69	
41	39	42	38	35	84	
42	40	43	39	98	
43	41	40	22	
44	42	45	41	87	86	
45	43	46	77	26	117	92	84	21	94	
46	44	47	43	120	20	77	
47	45	48	44	26	61	
48	46	49	45	51	84	
49	47	50	46	
50	48	51	47	2	
51	49	52	48	62	
52	50	53	49	47	112	18	12	107	
53	51	54	50	109	110	87	
54	52	55	51	109	67	9	34	
55	53	56	52	
54	57	53	111	27	
57	58	54	10	112	
58	56	59	55	75	94	
59	57	60	56	
60	58	61	57	103	
61	59	62	58	10	38	11	63	
62	60	63	59	46	
63	61	64	60	39	28	23	50	
64	62	65	61	92	76	79	12	60	
65	63	66	62	69	
66	64	67	63	7	118	8	
67	65	68	64	
68	66	69	65	71	20	109	53	79	
69	67	70	66	102	110	
70	68	71	67	64	39	20	
71	69	72	68	85	34	
72	70	73	69	67	122	78	80	
73	71	70	80	28	92	
74	72	75	71	78	
75	73	76	77	
76	74	77	73	57	90	26	
77	75	78	74	106	63	
78	76	79	75	87	44	74	123	103	45	
79	77	80	76	87	83	116	112	71	73	
80	78	81	77	12	97	63	94	67	86	
81	79	82	78	118	23	72	71	122	
82	80	83	79	113	118	
83	81	84	80	
84	82	85	81	86	78	30	27	
85	83	86	82	40	44	15	47	
86	84	87	83	70	
87	85	88	84	83	26	105	43	34	18	29	79	
88	86	89	85	78	77	25	43	95	52	117	106	
89	87	90	86	91	
90	88	91	87	95	111	107	
91	89	92	88	12	5	75	9	
92	90	93	89	88	2	16	
93	91	94	90	95	44	63	101	72	
94	92	95	91	
95	93	96	92	37	57	44	79	
96	94	97	93	92	89	39	87	
97	95	98	94	104	8	37	
98	96	99	95	79	125	
99	97	100	96	101	17	41	
100	98	101	97	115	24	
101	99	102	98	107	31	127	
102	100	103	99	98	23	24	92	
103	101	104	100	68	24	125	
104	102	105	101	59	77	
105	103	106	102	10	96	
106	104	107	103	86	108	4	
105	108	104	76	39	87	
109	105	100	51	127	89	
109	110	106	105	22	
110	108	111	107	53	52	67	4	22	
111	109	112	108	8	52	2	68	
110	113	109	89	8	55	125	
113	114	110	115	78	32	51	56	
114	112	111	81	
115	113	116	112	
116	114	117	112	99	
117	115	118	114	78	
118	116	119	115	18	44	87	
119	117	120	116	80	65	81	
120	118	121	117	18	28	38	
121	119	122	118	45	14	
122	120	123	119	28	
123	121	124	120	71	80	
124	122	125	121	77	9	126	18	
125	123	126	122	
126	124	127	123	97	111	102	
127	125	0	124	35	123	9	
0	126	1	125	25	107	100	
