128	645

2	127	4	90	
3	1	4	90	14	
4	2	5	71	
5	3	6	2	7	40	1	49	
6	4	7	3	25	
7	5	8	4	40	15	
8	6	9	5	4	73	40	77	
9	7	10	6	22	
10	8	11	7	51	104	
11	9	12	8	13	35	96	
12	10	13	9	15	
13	11	14	10	37	
14	12	15	11	10	104	93	92	
13	16	12	2	64	63	38	
16	17	13	23	6	63	11	18	
17	15	18	14	
18	16	19	15	54	125	114	58	
19	17	20	16	53	23	15	
20	18	21	17	23	
21	19	22	18	100	
22	20	23	19	87	100	
23	21	24	20	114	8	76	
24	22	25	21	15	18	19	
25	23	26	22	69	41	
26	24	27	23	5	71	92	
27	25	28	24	74	44	56	
28	26	29	25	37	
29	27	30	26	31	74	89	
30	28	31	27	107	91	95	
31	29	32	28	
32	30	33	29	28	
31	34	30	37	50	106	
34	35	31	36	
35	33	36	32	74	
36	34	37	33	10	
37	35	38	34	103	33	
38	36	39	35	94	12	101	32	98	27	
39	37	40	36	14	
40	38	41	37	80	
41	39	42	38	94	4	6	7	
42	40	43	39	24	
43	41	44	40	86	
44	42	45	41	
45	43	46	42	76	26	
44	47	43	112	51	49	
47	48	44	123	106	78	109	
48	46	49	45	96	117	
49	47	50	46	122	83	112	
50	48	51	47	45	53	86	4	
51	49	52	48	55	65	32	53	
52	50	53	49	9	94	45	
53	51	54	50	
54	52	55	51	18	56	49	50	
55	53	56	52	17	82	
56	54	57	53	69	104	68	50	74	70	66	
57	55	58	54	53	77	60	26	
58	56	59	55	118	
59	57	60	56	64	65	17	
60	58	61	57	118	65	
61	59	62	58	56	
62	60	63	59	87	65	
63	61	64	60	
64	62	65	61	15	14	
65	63	66	62	58	67	14	
66	64	67	63	58	59	61	76	50	
67	65	68	64	55	76	
68	66	69	65	64	122	
69	67	70	66	55	
70	68	71	67	24	55	72	
71	69	72	68	55	
72	70	73	69	25	3	
73	71	74	70	69	116	
74	72	75	71	7	87	76	
75	73	76	72	34	26	55	28	
76	74	77	73	104	
77	75	78	74	44	65	22	66	73	
78	76	79	75	109	56	7	
79	77	80	76	107	109	46	97	91	
80	78	81	77	93	91	84	
81	79	82	78	39	84	
82	80	83	79	
83	81	84	80	54	
84	82	85	81	48	87	
85	83	86	82	80	79	
86	84	87	83	
87	85	88	84	42	49	
88	86	85	21	61	73	83	
89	87	90	86	92	91	
90	88	91	28	
91	89	92	88	2	1	
92	90	93	89	29	88	79	95	78	
93	91	94	90	88	95	25	114	13	
94	92	95	91	79	13	
95	93	96	92	40	37	51	107	
96	94	97	93	92	29	91	
97	95	98	94	111	47	10	123	126	
98	96	99	95	78	
99	97	100	96	116	37	
100	98	101	97	102	
101	99	102	98	110	20	21	
102	100	103	99	104	106	37	
103	101	104	100	105	99	127	
104	102	105	101	36	
105	103	106	102	101	13	75	55	9	
106	104	107	103	102	
107	105	108	104	109	46	101	111	32	
108	106	109	105	78	29	94	
107	110	106	126	
111	107	113	106	78	77	46	127	
111	112	108	100	
112	110	113	109	96	106	
113	111	110	45	48	
114	112	115	111	109	
115	113	116	17	22	92	
116	114	117	113	
117	115	118	114	98	72	
118	116	119	115	47	
119	117	120	116	59	57	
120	118	121	117	
121	119	122	118	
122	120	123	119	
123	121	124	120	48	67	
124	122	125	121	46	126	96	
125	123	126	122	
126	124	127	123	17	
125	124	123	96	108	
1	125	102	109	
128	645

2	127	4	90	
3	1	4	90	14	
4	2	5	71	
5	3	6	2	7	40	1	49	
6	4	7	3	25	
7	5	8	4	40	15	
8	6	9	5	4	73	40	77	
9	7	10	6	22	
10	8	11	7	51	104	
11	9	12	8	13	35	96	
12	10	13	9	15	
13	11	14	10	37	
14	12	15	11	10	104	93	92	
13	16	12	2	64	63	38	
16	17	13	23	6	63	11	18	
17	15	18	14	
18	16	19	15	54	125	114	58	
19	17	20	16	53	23	15	
20	18	21	17	23	
21	19	22	18	100	
22	20	23	19	87	100	
23	21	24	20	114	8	76	
24	22	25	21	15	18	19	
25	23	26	22	69	41	
26	24	27	23	5	71	92	
27	25	28	24	74	44	56	
28	26	29	25	37	
29	27	30	26	31	74	89	
30	28	31	27	107	91	95	
31	29	32	28	
32	30	33	29	28	
31	34	30	37	50	106	
34	35	31	36	
35	33	36	32	74	
36	34	37	33	10	
37	35	38	34	103	33	
38	36	39	35	94	12	101	32	98	27	
39	37	40	36	14	
40	38	41	37	80	
41	39	42	38	94	4	6	7	
42	40	43	39	24	
43	41	44	40	86	
44	42	45	41	
45	43	46	42	76	26	
44	47	43	112	51	49	
47	48	44	123	106	78	109	
48	46	49	45	96	117	
49	47	50	46	122	83	112	
50	48	51	47	45	53	86	4	
51	49	52	48	55	65	32	53	
52	50	53	49	9	94	45	
53	51	54	50	
54	52	55	51	18	56	49	50	
55	53	56	52	17	82	
56	54	57	53	69	104	68	50	74	70	66	
57	55	58	54	53	77	60	26	
58	56	59	55	118	
59	57	60	56	64	65	17	
60	58	61	57	118	65	
61	59	62	58	56	
62	60	63	59	87	65	
63	61	64	60	
64	62	65	61	15	14	
65	63	66	62	58	67	14	
66	64	67	63	58	59	61	76	50	
67	65	68	64	55	76	
68	66	69	65	64	122	
69	67	70	66	55	
70	68	71	67	24	55	72	
71	69	72	68	55	
72	70	73	69	25	3	
73	71	74	70	69	116	
74	72	75	71	7	87	76	
75	73	76	72	34	26	55	28	
76	74	77	73	104	
77	75	78	74	44	65	22	66	73	
78	76	79	75	109	56	7	
79	77	80	76	107	109	46	97	91	
80	78	81	77	93	91	84	
81	79	82	78	39	84	
82	80	83	79	
83	81	84	80	54	
84	82	85	81	48	87	
85	83	86	82	80	79	
86	84	87	83	
87	85	88	84	42	49	
88	86	85	21	61	73	83	
89	87	90	86	92	91	
90	88	91	28	
91	89	92	88	2	1	
92	90	93	89	29	88	79	95	78	
93	91	94	90	88	95	25	114	13	
94	92	95	91	79	13	
95	93	96	92	40	37	51	107	
96	94	97	93	92	29	91	
97	95	98	94	111	47	10	123	126	
98	96	99	95	78	
99	97	100	96	116	37	
100	98	101	97	102	
101	99	102	98	110	20	21	
102	100	103	99	104	106	37	
103	101	104	100	105	99	127	
104	102	105	101	36	
105	103	106	102	101	13	75	55	9	
106	104	107	103	102	
107	105	108	104	109	46	101	111	32	
108	106	109	105	78	29	94	
107	110	106	126	
111	107	113	106	78	77	46	127	
111	112	108	100	
112	110	113	109	96	106	
113	111	110	45	48	
114	112	115	111	109	
115	113	116	17	22	92	
116	114	117	113	
117	115	118	114	98	72	
118	116	119	115	47	
119	117	120	116	59	57	
120	118	121	117	
121	119	122	118	
122	120	123	119	
123	121	124	120	48	67	
124	122	125	121	46	126	96	
125	123	126	122	
126	124	127	123	17	
125	124	123	96	108	
1	125	102	109	
128	667
1	127	2	126	18	
2	0	3	127	27	124	42	126	74	41	50	39	
3	1	4	0	122	49	104	5	
4	2	5	1	105	
5	3	6	2	60	50	
6	4	7	3	41	2	
7	5	8	4	105	50	26	51	
8	6	9	5	71	105	
9	7	10	6	94	87	15	75	
10	8	11	7	56	
11	9	12	8	126	124	61	13	
12	10	13	9	50	
11	14	10	126	
14	15	11	35	107	123	24	10	
15	13	16	12	121	59	120	
16	14	17	13	87	8	
17	15	18	14	74	32	33	35	
18	16	19	15	
19	17	20	16	26	77	0	
20	18	21	17	98	59	113	
21	19	22	18	81	23	83	
22	20	23	19	56	
23	21	24	20	81	95	75	
24	22	25	21	108	20	56	55	
25	23	26	22	28	109	13	
26	24	27	23	
27	25	28	24	18	29	45	79	6	
28	26	29	25	1	109	127	
29	27	30	26	24	79	
30	28	31	27	32	53	26	65	76	
31	29	32	28	51	125	126	82	
32	30	33	29	
33	31	34	30	16	29	37	47	
34	32	35	31	16	110	52	54	
35	33	36	32	92	
36	34	37	33	13	41	16	
37	35	38	34	103	
38	36	39	35	32	
39	37	40	36	58	61	
40	38	41	37	92	64	1	
41	39	42	38	58	
42	40	43	39	98	123	5	35	53	1	110	
43	41	44	40	1	49	
44	42	45	41	53	46	
45	43	46	42	107	52	
46	44	47	43	26	
47	45	48	44	43	
48	46	49	45	32	
49	47	50	46	62	
50	48	51	47	111	87	2	65	104	106	42	
51	49	52	48	68	88	6	11	4	58	1	
52	50	53	49	102	30	6	
53	51	54	50	98	55	81	33	44	
54	52	55	51	116	43	29	41	
55	53	56	52	33	
56	54	57	53	52	23	
57	55	58	54	9	23	21	
58	56	59	55	
59	57	60	56	88	38	50	40	
60	58	61	57	19	14	123	
61	59	62	58	76	75	4	
60	63	59	38	10	
63	64	60	116	65	48	
64	62	65	61	66	71	
65	63	66	62	67	39	71	104	
66	64	67	63	62	49	29	100	
67	65	68	64	63	85	126	
68	66	69	65	71	64	
69	67	70	66	50	
70	68	71	67	83	
71	69	72	68	98	105	
72	70	73	69	74	67	7	64	63	
73	71	74	70	
74	72	75	71	84	
75	73	76	72	16	71	1	
76	74	77	73	60	84	8	22	
77	75	78	74	60	29	112	
78	76	79	75	112	18	
79	77	80	76	
80	78	81	77	28	82	26	
81	79	82	78	
82	80	83	79	22	20	52	
83	81	84	80	30	79	
84	82	85	81	20	69	
85	83	86	82	75	73	97	120	
86	84	87	83	66	120	
87	85	88	84	113	
88	86	89	85	90	49	104	15	8	
89	87	90	86	58	91	50	108	
90	88	91	87	116	
91	89	92	88	87	
92	90	93	89	88	
93	91	94	90	39	34	
94	92	95	91	96	
95	93	96	92	8	
96	94	97	93	22	
97	95	98	94	110	93	
98	96	99	95	84	
99	97	100	96	19	41	52	70	
100	98	101	97	
101	99	102	98	65	
102	100	103	99	107	
103	101	104	100	51	105	107	
104	102	105	101	36	
105	103	106	102	111	87	49	2	64	
106	104	107	103	6	102	7	3	70	
107	105	108	104	123	49	
108	106	109	105	13	44	101	102	
109	107	110	106	23	88	123	
110	108	111	107	119	24	27	
111	109	112	108	96	113	33	41	
112	110	113	109	104	49	
113	111	114	110	77	76	
114	112	115	111	86	110	19	116	
115	113	116	112	
116	114	117	113	
117	115	118	114	62	53	89	113	
118	116	119	115	
119	117	120	116	
120	118	121	117	109	
121	119	122	118	14	127	84	85	
122	120	123	119	14	
123	121	124	120	2	
122	125	121	106	59	41	13	108	
125	126	122	1	10	
126	124	127	123	30	
127	125	0	124	66	12	10	30	1	
0	126	1	125	27	120	
128	667
1	127	2	126	18	
2	0	3	127	27	124	42	126	74	41	50	39	
3	1	4	0	122	49	104	5	
4	2	5	1	105	
5	3	6	2	60	50	
6	4	7	3	41	2	
7	5	8	4	105	50	26	51	
8	6	9	5	71	105	
9	7	10	6	94	87	15	75	
10	8	11	7	56	
11	9	12	8	126	124	61	13	
12	10	13	9	50	
11	14	10	126	
14	15	11	35	107	123	24	10	
15	13	16	12	121	59	120	
16	14	17	13	87	8	
17	15	18	14	74	32	33	35	
18	16	19	15	
19	17	20	16	26	77	0	
20	18	21	17	98	59	113	
21	19	22	18	81	23	83	
22	20	23	19	56	
23	21	24	20	81	95	75	
24	22	25	21	108	20	56	55	
25	23	26	22	28	109	13	
26	24	27	23	
27	25	28	24	18	29	45	79	6	
28	26	29	25	1	109	127	
29	27	30	26	24	79	
30	28	31	27	32	53	26	65	76	
31	29	32	28	51	125	126	82	
32	30	33	29	
33	31	34	30	16	29	37	47	
34	32	35	31	16	110	52	54	
35	33	36	32	92	
36	34	37	33	13	41	16	
37	35	38	34	103	
38	36	39	35	32	
39	37	40	36	58	61	
40	38	41	37	92	64	1	
41	39	42	38	58	
42	40	43	39	98	123	5	35	53	1	110	
43	41	44	40	1	49	
44	42	45	41	53	46	
45	43	46	42	107	52	
46	44	47	43	26	
47	45	48	44	43	
48	46	49	45	32	
49	47	50	46	62	
50	48	51	47	111	87	2	65	104	106	42	
51	49	52	48	68	88	6	11	4	58	1	
52	50	53	49	102	30	6	
53	51	54	50	98	55	81	33	44	
54	52	55	51	116	43	29	41	
55	53	56	52	33	
56	54	57	53	52	23	
57	55	58	54	9	23	21	
58	56	59	55	
59	57	60	56	88	38	50	40	
60	58	61	57	19	14	123	
61	59	62	58	76	75	4	
60	63	59	38	10	
63	64	60	116	65	48	
64	62	65	61	66	71	
65	63	66	62	67	39	71	104	
66	64	67	63	62	49	29	100	
67	65	68	64	63	85	126	
68	66	69	65	71	64	
69	67	70	66	50	
70	68	71	67	83	
71	69	72	68	98	105	
72	70	73	69	74	67	7	64	63	
73	71	74	70	
74	72	75	71	84	
75	73	76	72	16	71	1	
76	74	77	73	60	84	8	22	
77	75	78	74	60	29	112	
78	76	79	75	112	18	
79	77	80	76	
80	78	81	77	28	82	26	
81	79	82	78	
82	80	83	79	22	20	52	
83	81	84	80	30	79	
84	82	85	81	20	69	
85	83	86	82	75	73	97	120	
86	84	87	83	66	120	
87	85	88	84	113	
88	86	89	85	90	49	104	15	8	
89	87	90	86	58	91	50	108	
90	88	91	87	116	
91	89	92	88	87	
92	90	93	89	88	
93	91	94	90	39	34	
94	92	95	91	96	
95	93	96	92	8	
96	94	97	93	22	
97	95	98	94	110	93	
98	96	99	95	84	
99	97	100	96	19	41	52	70	
100	98	101	97	
101	99	102	98	65	
102	100	103	99	107	
103	101	104	100	51	105	107	
104	102	105	101	36	
105	103	106	102	111	87	49	2	64	
106	104	107	103	6	102	7	3	70	
107	105	108	104	123	49	
108	106	109	105	13	44	101	102	
109	107	110	106	23	88	123	
110	108	111	107	119	24	27	
111	109	112	108	96	113	33	41	
112	110	113	109	104	49	
113	111	114	110	77	76	
114	112	115	111	86	110	19	116	
115	113	116	112	
116	114	117	113	
117	115	118	114	62	53	89	113	
118	116	119	115	
119	117	120	116	
120	118	121	117	109	
121	119	122	118	14	127	84	85	
122	120	123	119	14	
123	121	124	120	2	
122	125	121	106	59	41	13	108	
125	126	122	1	10	
126	124	127	123	30	
127	125	0	124	66	12	10	30	1	
0	126	1	125	27	120	
128	648
1	127	2	126	92	108	90	
2	0	3	127	92	54	18	114	
3	1	0	73	
4	2	5	1	124	109	107	
5	3	6	21	90	88	17	
6	4	7	3	88	89	
7	5	8	4	10	113	29	9	
8	6	9	5	97	113	
9	7	10	6	76	98	
10	8	11	7	6	78	
11	9	12	8	6	
12	10	13	9	94	67	
13	11	14	10	
14	12	15	11	103	68	
15	13	16	12	111	
16	14	17	13	
17	15	18	14	69	88	70	
18	16	19	15	67	82	4	
19	17	20	16	109	57	1	
20	18	21	17	53	51	55	
21	19	22	18	
22	20	23	19	25	4	
23	21	24	20	124	
24	22	25	21	27	53	
25	23	26	22	28	43	59	
24	27	23	21	81	
27	28	24	29	57	
28	26	29	25	23	
29	27	30	26	24	93	125	96	92	
30	28	31	27	26	57	6	58	
31	29	32	28	61	36	63	
32	30	33	29	42	83	38	
33	31	34	30	
34	32	35	31	56	
35	33	36	32	118	107	95	38	
36	34	37	33	39	56	
37	35	38	34	121	54	105	30	123	
38	36	35	
39	37	40	36	41	31	34	
40	38	41	35	125	
41	39	42	38	69	
42	40	43	39	45	38	102	
43	41	44	40	31	
44	42	45	41	24	
45	43	46	42	
46	44	47	43	41	118	61	50	
47	45	48	44	
48	46	49	45	63	51	71	
49	47	50	46	79	
50	48	51	47	109	108	88	110	
51	49	52	48	45	
52	50	53	49	19	108	65	47	
53	51	54	50	55	
54	52	55	51	19	23	114	77	
55	53	56	52	1	36	
56	54	57	53	52	19	
57	55	58	54	35	33	
58	56	59	55	76	29	26	75	18	
59	57	60	56	29	
60	58	61	57	63	24	77	79	
61	59	62	58	
62	60	63	59	30	45	83	
63	61	64	60	80	93	76	
64	62	65	61	59	66	47	30	
65	63	66	62	116	80	
66	64	67	63	51	
67	65	68	64	63	105	
68	66	69	65	71	94	11	17	
69	67	70	66	13	88	75	
70	68	71	67	16	40	
71	69	72	68	16	
72	70	73	69	67	47	
73	71	74	70	
74	72	75	71	2	
75	73	76	72	90	89	
76	74	77	73	57	81	68	
77	75	78	74	57	8	94	62	
78	76	79	75	59	53	
79	77	80	76	91	9	
80	78	81	77	59	48	
81	79	82	78	62	64	
82	80	83	79	25	75	
83	81	84	80	113	17	
84	82	85	81	31	90	61	
85	83	86	82	97	
86	84	87	83	
87	85	88	84	89	
88	86	89	85	122	
89	87	90	86	4	16	5	68	49	127	
90	88	91	87	86	74	5	92	
91	89	92	88	4	74	83	0	
92	90	93	89	99	78	
93	91	94	90	1	95	0	89	28	
94	92	95	91	96	28	62	
95	93	96	92	76	67	126	11	
96	94	97	93	92	34	
97	95	98	94	93	28	
98	96	99	95	100	7	84	
99	97	100	96	8	
100	98	101	97	91	103	
101	99	102	98	97	122	
102	100	103	99	
103	101	104	100	41	
104	102	105	101	13	99	
105	103	106	102	107	
106	104	107	103	66	36	
107	105	108	104	
108	106	109	105	104	34	3	
109	107	110	106	51	49	0	
110	108	111	107	49	3	18	
111	109	112	108	116	49	
112	110	113	109	123	14	
113	111	114	110	116	
114	112	115	111	6	82	7	
115	113	116	112	53	1	
116	114	117	113	120	
117	115	118	114	112	119	110	64	
118	116	119	115	
119	117	120	116	34	45	122	
120	118	121	117	116	
121	119	122	118	115	
122	120	123	119	36	
123	121	124	120	87	100	118	
124	122	125	121	111	127	36	
125	123	126	122	3	22	
126	124	127	123	28	39	
127	125	0	124	94	
0	126	1	125	123	88	
