128	661

2	3	127	124	
3	1	4	61	103	28	
4	2	5	1	59	6	49	79	
5	3	6	2	7	65	
6	4	7	3	49	46	45	
7	5	8	4	3	
8	6	9	5	19	4	
9	7	10	6	61	93	
10	8	11	7	54	99	
11	9	12	8	42	102	
12	10	13	9	77	52	
13	11	14	10	25	
14	12	15	11	28	
15	13	16	12	27	63	55	62	22	
14	17	13	63	121	25	
17	18	14	103	
18	16	19	15	80	42	
19	17	20	16	96	
20	18	21	17	75	7	
21	19	22	18	121	118	
22	20	23	19	30	64	81	85	80	44	
23	21	24	20	121	64	120	14	
24	22	25	21	30	118	46	71	119	
25	23	26	22	90	104	94	34	
26	24	27	23	100	111	60	12	15	101	
27	25	28	24	106	59	123	29	67	
28	26	29	25	14	
29	27	30	26	2	13	
30	28	31	27	26	41	
31	29	32	28	21	76	44	23	42	34	
32	30	33	29	39	
33	31	34	30	
34	32	35	31	39	
35	33	36	32	45	51	30	24	75	
36	34	37	33	64	
37	35	38	34	115	120	
38	36	39	35	71	
39	37	40	36	
40	38	41	37	33	73	31	
41	39	42	38	72	92	
42	40	43	39	111	93	29	
43	41	44	40	10	62	86	30	99	17	
44	42	45	41	93	
45	43	46	42	30	69	21	118	
46	44	47	43	34	99	48	5	
47	45	48	44	62	5	23	
48	46	49	45	103	
49	47	50	46	67	45	
50	48	51	47	5	81	3	
51	49	52	48	53	
52	50	53	49	34	
53	51	54	50	120	11	
54	52	55	51	50	59	70	
55	53	56	52	75	76	9	102	80	79	
56	54	57	53	75	14	85	
57	55	58	54	
58	56	59	55	116	
59	57	60	56	101	102	
60	58	61	57	26	3	96	70	53	77	116	
61	59	62	58	25	
62	60	63	59	2	8	75	93	113	
63	61	64	60	46	42	14	
64	62	65	61	15	14	96	93	92	
65	63	66	62	67	35	21	22	
66	64	67	63	68	4	
67	65	68	64	92	118	
68	66	69	65	48	64	76	26	
69	67	70	66	65	92	71	93	
70	68	71	67	44	
71	69	72	68	59	53	
72	70	73	69	68	23	37	
73	71	74	70	40	77	
74	72	75	71	39	
75	73	76	72	113	111	
76	74	77	73	19	55	54	61	34	
77	75	78	74	67	30	54	
78	76	79	75	11	59	108	72	
79	77	80	76	
80	78	81	77	92	54	3	
81	79	82	78	103	17	99	21	54	
82	80	83	79	21	49	
83	81	84	80	
84	82	85	81	86	
85	83	86	82	
86	84	87	83	21	55	
87	85	88	84	42	83	
86	89	85	120	116	106	
89	90	86	97	107	
90	88	91	87	
91	89	92	88	24	
92	90	93	89	
93	91	94	90	66	68	107	40	110	79	63	
94	92	95	91	43	41	122	61	63	8	68	
95	93	96	92	24	
96	94	97	93	
97	95	98	94	59	63	18	
98	96	99	95	88	
99	97	100	96	101	
100	98	101	97	80	45	120	9	42	
101	99	102	98	114	25	
102	100	103	99	58	98	25	
103	101	104	100	10	54	58	
104	102	105	101	80	2	107	16	47	
103	106	102	24	
106	107	103	
105	108	104	26	110	87	
108	109	105	92	103	88	
109	107	110	106	77	
110	108	111	107	
111	109	112	108	106	92	
112	110	113	109	41	25	74	118	
113	111	114	110	
114	112	115	111	74	61	
115	113	116	112	100	117	
116	114	117	113	36	119	
117	115	118	114	57	87	59	
118	116	119	115	114	
119	117	120	116	23	111	123	66	44	20	
120	118	121	117	123	115	23	
121	119	122	118	52	36	87	99	22	
122	120	123	119	22	15	20	
123	121	124	120	93	
124	122	125	121	119	26	118	126	
125	123	126	122	127	1	
126	124	127	123	
127	125	124	123	
126	1	125	124	
128	661

2	3	127	124	
3	1	4	61	103	28	
4	2	5	1	59	6	49	79	
5	3	6	2	7	65	
6	4	7	3	49	46	45	
7	5	8	4	3	
8	6	9	5	19	4	
9	7	10	6	61	93	
10	8	11	7	54	99	
11	9	12	8	42	102	
12	10	13	9	77	52	
13	11	14	10	25	
14	12	15	11	28	
15	13	16	12	27	63	55	62	22	
14	17	13	63	121	25	
17	18	14	103	
18	16	19	15	80	42	
19	17	20	16	96	
20	18	21	17	75	7	
21	19	22	18	121	118	
22	20	23	19	30	64	81	85	80	44	
23	21	24	20	121	64	120	14	
24	22	25	21	30	118	46	71	119	
25	23	26	22	90	104	94	34	
26	24	27	23	100	111	60	12	15	101	
27	25	28	24	106	59	123	29	67	
28	26	29	25	14	
29	27	30	26	2	13	
30	28	31	27	26	41	
31	29	32	28	21	76	44	23	42	34	
32	30	33	29	39	
33	31	34	30	
34	32	35	31	39	
35	33	36	32	45	51	30	24	75	
36	34	37	33	64	
37	35	38	34	115	120	
38	36	39	35	71	
39	37	40	36	
40	38	41	37	33	73	31	
41	39	42	38	72	92	
42	40	43	39	111	93	29	
43	41	44	40	10	62	86	30	99	17	
44	42	45	41	93	
45	43	46	42	30	69	21	118	
46	44	47	43	34	99	48	5	
47	45	48	44	62	5	23	
48	46	49	45	103	
49	47	50	46	67	45	
50	48	51	47	5	81	3	
51	49	52	48	53	
52	50	53	49	34	
53	51	54	50	120	11	
54	52	55	51	50	59	70	
55	53	56	52	75	76	9	102	80	79	
56	54	57	53	75	14	85	
57	55	58	54	
58	56	59	55	116	
59	57	60	56	101	102	
60	58	61	57	26	3	96	70	53	77	116	
61	59	62	58	25	
62	60	63	59	2	8	75	93	113	
63	61	64	60	46	42	14	
64	62	65	61	15	14	96	93	92	
65	63	66	62	67	35	21	22	
66	64	67	63	68	4	
67	65	68	64	92	118	
68	66	69	65	48	64	76	26	
69	67	70	66	65	92	71	93	
70	68	71	67	44	
71	69	72	68	59	53	
72	70	73	69	68	23	37	
73	71	74	70	40	77	
74	72	75	71	39	
75	73	76	72	113	111	
76	74	77	73	19	55	54	61	34	
77	75	78	74	67	30	54	
78	76	79	75	11	59	108	72	
79	77	80	76	
80	78	81	77	92	54	3	
81	79	82	78	103	17	99	21	54	
82	80	83	79	21	49	
83	81	84	80	
84	82	85	81	86	
85	83	86	82	
86	84	87	83	21	55	
87	85	88	84	42	83	
86	89	85	120	116	106	
89	90	86	97	107	
90	88	91	87	
91	89	92	88	24	
92	90	93	89	
93	91	94	90	66	68	107	40	110	79	63	
94	92	95	91	43	41	122	61	63	8	68	
95	93	96	92	24	
96	94	97	93	
97	95	98	94	59	63	18	
98	96	99	95	88	
99	97	100	96	101	
100	98	101	97	80	45	120	9	42	
101	99	102	98	114	25	
102	100	103	99	58	98	25	
103	101	104	100	10	54	58	
104	102	105	101	80	2	107	16	47	
103	106	102	24	
106	107	103	
105	108	104	26	110	87	
108	109	105	92	103	88	
109	107	110	106	77	
110	108	111	107	
111	109	112	108	106	92	
112	110	113	109	41	25	74	118	
113	111	114	110	
114	112	115	111	74	61	
115	113	116	112	100	117	
116	114	117	113	36	119	
117	115	118	114	57	87	59	
118	116	119	115	114	
119	117	120	116	23	111	123	66	44	20	
120	118	121	117	123	115	23	
121	119	122	118	52	36	87	99	22	
122	120	123	119	22	15	20	
123	121	124	120	93	
124	122	125	121	119	26	118	126	
125	123	126	122	127	1	
126	124	127	123	
127	125	124	123	
126	1	125	124	
128	692
1	127	2	126	45	
2	0	3	127	4	11	71	106	
3	1	4	0	127	49	56	74	81	54	8	
4	2	5	1	90	111	35	47	
5	3	6	2	1	8	73	
6	4	7	3	44	35	71	126	10	
7	5	8	4	120	98	
8	6	9	5	25	90	
9	7	10	6	4	54	26	111	2	
10	8	11	7	
11	9	12	8	13	5	14	
12	10	13	9	46	116	1	
13	11	14	10	83	84	82	
14	12	15	11	127	10	113	29	
15	13	16	12	26	20	94	10	
16	14	17	13	47	
17	15	18	14	
18	16	19	15	47	67	79	124	59	63	94	
17	20	16	44	40	62	
20	21	17	118	47	
21	19	22	18	24	23	14	
22	20	23	19	118	98	62	47	64	
23	21	24	20	67	
24	22	25	21	20	73	26	48	113	
25	23	26	22	30	20	92	62	
26	24	27	23	7	
27	25	24	122	14	113	116	23	8	112	111	
28	26	29	25	57	
29	27	30	
30	28	31	27	13	71	
31	29	32	28	66	24	68	108	49	47	50	45	
32	30	33	29	108	
33	31	34	30	55	
34	32	35	31	49	67	120	61	114	44	
35	33	36	32	111	51	
36	34	37	33	61	118	5	3	108	117	
37	35	38	34	117	123	
38	36	39	35	78	47	
39	37	40	36	70	46	57	
40	38	41	37	111	94	84	70	
41	39	42	38	18	88	86	87	83	
42	40	43	39	46	
43	41	44	40	77	76	
44	42	45	41	107	
45	43	46	42	5	18	69	33	
46	44	47	43	30	0	82	
47	45	48	44	38	11	87	90	41	
48	46	49	45	17	15	30	54	19	3	21	37	106	
49	47	50	46	23	
50	48	51	47	33	2	102	30	
51	49	52	48	53	30	
52	50	53	49	57	34	
53	51	54	50	
54	52	55	51	50	110	
55	53	56	52	91	83	8	47	2	
56	54	57	53	32	63	102	
57	55	58	54	2	70	116	
58	56	59	55	51	38	60	27	
59	57	60	56	61	121	83	
60	58	61	57	67	17	
61	59	62	58	57	96	121	
62	60	63	59	35	33	58	122	
63	61	64	60	18	21	24	
64	62	65	61	55	66	17	76	
65	63	66	62	21	
66	64	67	63	108	
67	65	68	64	30	63	86	
68	66	69	65	33	59	17	22	
69	67	70	66	30	101	
70	68	71	67	73	44	
71	69	72	68	94	38	56	39	
72	70	73	69	97	5	1	29	
73	71	74	70	81	
74	72	75	71	69	23	123	4	
75	73	76	72	81	2	
76	74	77	73	
77	75	78	74	110	85	94	42	63	
78	76	79	75	93	42	
79	77	80	76	37	
80	78	81	77	17	
81	79	82	78	
82	80	83	79	125	74	2	113	72	
83	81	84	80	12	45	
84	82	81	54	12	91	58	40	
85	83	86	82	12	39	
86	84	87	124	76	89	105	
87	85	88	84	66	40	
88	86	89	85	46	40	
89	87	90	86	40	103	
90	88	91	87	85	
91	89	92	88	3	46	7	
92	90	93	89	54	83	96	
93	91	94	90	122	24	126	
94	92	95	91	77	100	117	114	
95	93	96	92	70	76	39	14	17	
96	94	97	93	109	
97	95	98	94	60	91	
98	96	99	95	71	
99	97	100	96	6	21	
100	98	101	97	102	
101	99	102	98	93	
102	100	103	99	104	110	68	
103	101	104	100	99	114	49	55	
104	102	105	101	110	88	
105	103	106	102	101	114	107	
106	104	107	103	109	85	
107	105	108	104	109	1	47	
108	106	109	105	43	104	
109	107	110	106	65	30	31	35	
110	108	111	107	106	95	105	
111	109	112	108	76	101	53	103	
112	110	113	109	34	39	3	8	26	
113	111	114	110	26	
114	112	115	111	26	23	13	81	
115	113	116	112	33	104	102	93	
116	114	117	113	
117	115	118	114	26	11	56	
118	116	119	115	36	120	93	35	
119	117	120	116	21	19	35	
120	118	121	117	122	
121	119	122	118	33	6	117	
122	120	123	119	58	60	
123	121	124	120	26	125	92	61	119	
124	122	125	121	73	36	
125	123	126	122	85	17	
126	124	127	123	81	122	
127	125	0	124	92	5	
0	126	1	125	2	13	
