128	663

2	3	127	125	124	
3	1	4	109	83	61	115	
4	2	5	1	7	64	104	22	
5	3	6	2	115	79	100	54	
6	4	7	3	8	
7	5	8	4	24	
8	6	9	5	49	102	3	103	
9	7	10	6	102	5	109	
10	8	11	7	81	48	
11	9	12	8	72	44	
12	10	13	9	21	117	
13	11	14	10	104	48	
14	12	15	11	
15	13	16	12	26	
16	14	17	13	54	
17	15	18	14	28	
18	16	19	15	
19	17	20	16	50	58	
20	18	21	17	83	77	31	46	
21	19	22	18	83	73	95	
22	20	23	19	83	123	126	49	81	24	11	
23	21	24	20	3	126	44	
24	22	25	21	26	
25	23	26	22	6	21	
26	24	27	23	85	
27	25	28	24	14	29	23	30	38	
28	26	29	25	76	
29	27	30	26	16	74	108	
30	28	31	27	108	26	50	58	
31	29	32	28	75	54	74	71	26	77	103	104	69	
32	30	33	29	97	54	81	104	19	107	
33	31	34	30	104	97	82	
34	32	35	31	36	54	
35	33	36	32	40	
36	34	37	33	38	52	40	65	
37	35	38	34	33	
38	36	39	35	124	96	93	
39	37	40	36	115	35	41	26	
40	38	41	37	73	107	
41	39	42	38	34	35	
40	43	39	38	73	42	80	70	
43	44	40	72	41	73	
42	45	41	
45	46	42	10	48	22	
46	44	47	43	75	64	
47	45	48	44	19	
48	46	49	45	116	
49	47	50	46	12	9	44	
50	48	51	47	7	21	96	105	
51	49	52	48	18	102	29	
52	50	53	49	96	92	
53	51	54	50	35	
54	52	55	51	
55	53	56	52	30	31	33	4	117	107	15	
56	54	57	53	91	
57	55	54	91	78	83	118	
58	56	55	
59	57	60	108	29	18	68	
60	58	61	62	127	
61	59	62	58	80	
62	60	63	59	106	65	2	
63	61	64	60	59	
64	62	65	61	66	92	
65	63	66	62	3	67	45	
66	64	67	63	77	61	35	
67	65	68	64	63	
68	66	69	65	123	64	
69	67	70	66	58	
70	68	71	67	83	30	
71	69	72	68	73	41	
72	70	73	69	30	83	
71	74	70	10	42	
74	75	71	70	20	41	39	42	
75	73	76	72	30	28	
76	74	77	73	30	45	
77	75	78	74	105	27	
78	76	79	75	65	19	30	107	
79	77	80	76	56	87	126	
80	78	81	77	82	4	
81	79	82	78	60	92	93	41	94	
82	80	83	79	95	21	9	31	
83	81	84	80	79	32	
84	82	85	81	88	21	20	19	56	2	69	71	
85	83	86	82	108	87	
86	84	87	83	102	101	25	
87	85	88	84	101	
88	86	89	85	84	78	
89	87	90	86	83	127	107	
90	88	91	87	99	
91	89	92	88	
92	90	93	89	103	56	55	
93	91	94	90	80	63	51	
94	92	95	91	80	37	
95	93	96	92	80	
96	94	97	93	98	81	20	
97	95	98	94	51	99	49	37	
98	96	99	95	32	114	31	
99	97	100	96	95	109	114	
100	98	101	97	96	89	117	
101	99	102	98	4	
102	100	103	99	86	85	
103	101	100	105	7	106	8	50	85	
104	102	105	101	91	7	120	30	
105	103	106	32	12	3	31	30	
106	104	107	103	102	49	76	
107	105	108	104	102	61	
108	106	109	105	88	31	54	111	77	39	
109	107	110	106	84	58	29	28	
110	108	111	107	2	98	8	
111	109	112	108	
112	110	113	109	107	
113	111	114	110	124	122	
114	112	115	111	116	
115	113	116	112	97	121	98	
116	114	117	113	4	38	2	
117	115	118	114	113	47	
118	116	115	99	11	54	
119	117	120	116	122	56	
120	118	121	
121	119	122	118	103	124	
122	120	123	119	114	
123	121	124	120	112	118	
124	122	125	121	21	67	
125	123	126	122	37	112	1	120	
126	124	127	123	1	
127	125	124	21	22	78	
126	1	125	88	59	
128	663

2	3	127	125	124	
3	1	4	109	83	61	115	
4	2	5	1	7	64	104	22	
5	3	6	2	115	79	100	54	
6	4	7	3	8	
7	5	8	4	24	
8	6	9	5	49	102	3	103	
9	7	10	6	102	5	109	
10	8	11	7	81	48	
11	9	12	8	72	44	
12	10	13	9	21	117	
13	11	14	10	104	48	
14	12	15	11	
15	13	16	12	26	
16	14	17	13	54	
17	15	18	14	28	
18	16	19	15	
19	17	20	16	50	58	
20	18	21	17	83	77	31	46	
21	19	22	18	83	73	95	
22	20	23	19	83	123	126	49	81	24	11	
23	21	24	20	3	126	44	
24	22	25	21	26	
25	23	26	22	6	21	
26	24	27	23	85	
27	25	28	24	14	29	23	30	38	
28	26	29	25	76	
29	27	30	26	16	74	108	
30	28	31	27	108	26	50	58	
31	29	32	28	75	54	74	71	26	77	103	104	69	
32	30	33	29	97	54	81	104	19	107	
33	31	34	30	104	97	82	
34	32	35	31	36	54	
35	33	36	32	40	
36	34	37	33	38	52	40	65	
37	35	38	34	33	
38	36	39	35	124	96	93	
39	37	40	36	115	35	41	26	
40	38	41	37	73	107	
41	39	42	38	34	35	
40	43	39	38	73	42	80	70	
43	44	40	72	41	73	
42	45	41	
45	46	42	10	48	22	
46	44	47	43	75	64	
47	45	48	44	19	
48	46	49	45	116	
49	47	50	46	12	9	44	
50	48	51	47	7	21	96	105	
51	49	52	48	18	102	29	
52	50	53	49	96	92	
53	51	54	50	35	
54	52	55	51	
55	53	56	52	30	31	33	4	117	107	15	
56	54	57	53	91	
57	55	54	91	78	83	118	
58	56	55	
59	57	60	108	29	18	68	
60	58	61	62	127	
61	59	62	58	80	
62	60	63	59	106	65	2	
63	61	64	60	59	
64	62	65	61	66	92	
65	63	66	62	3	67	45	
66	64	67	63	77	61	35	
67	65	68	64	63	
68	66	69	65	123	64	
69	67	70	66	58	
70	68	71	67	83	30	
71	69	72	68	73	41	
72	70	73	69	30	83	
71	74	70	10	42	
74	75	71	70	20	41	39	42	
75	73	76	72	30	28	
76	74	77	73	30	45	
77	75	78	74	105	27	
78	76	79	75	65	19	30	107	
79	77	80	76	56	87	126	
80	78	81	77	82	4	
81	79	82	78	60	92	93	41	94	
82	80	83	79	95	21	9	31	
83	81	84	80	79	32	
84	82	85	81	88	21	20	19	56	2	69	71	
85	83	86	82	108	87	
86	84	87	83	102	101	25	
87	85	88	84	101	
88	86	89	85	84	78	
89	87	90	86	83	127	107	
90	88	91	87	99	
91	89	92	88	
92	90	93	89	103	56	55	
93	91	94	90	80	63	51	
94	92	95	91	80	37	
95	93	96	92	80	
96	94	97	93	98	81	20	
97	95	98	94	51	99	49	37	
98	96	99	95	32	114	31	
99	97	100	96	95	109	114	
100	98	101	97	96	89	117	
101	99	102	98	4	
102	100	103	99	86	85	
103	101	100	105	7	106	8	50	85	
104	102	105	101	91	7	120	30	
105	103	106	32	12	3	31	30	
106	104	107	103	102	49	76	
107	105	108	104	102	61	
108	106	109	105	88	31	54	111	77	39	
109	107	110	106	84	58	29	28	
110	108	111	107	2	98	8	
111	109	112	108	
112	110	113	109	107	
113	111	114	110	124	122	
114	112	115	111	116	
115	113	116	112	97	121	98	
116	114	117	113	4	38	2	
117	115	118	114	113	47	
118	116	115	99	11	54	
119	117	120	116	122	56	
120	118	121	
121	119	122	118	103	124	
122	120	123	119	114	
123	121	124	120	112	118	
124	122	125	121	21	67	
125	123	126	122	37	112	1	120	
126	124	127	123	1	
127	125	124	21	22	78	
126	1	125	88	59	
128	668
1	127	2	126	
2	0	3	127	77	97	
3	1	4	0	53	21	
4	2	5	1	15	16	
5	3	6	2	21	
4	7	3	6	
7	8	4	14	48	76	40	11	94	42	5	44	
8	6	9	5	
9	7	10	6	100	116	71	
10	8	11	7	85	
11	9	8	51	108	110	
12	10	13	9	53	6	102	55	
13	11	14	89	38	109	
14	12	15	11	38	49	22	
15	13	16	12	6	17	49	96	116	
16	14	17	13	3	
17	15	18	14	3	40	
18	16	19	15	57	14	47	
19	17	20	16	35	
20	18	21	17	97	118	
21	19	22	18	121	119	110	
22	20	23	19	76	2	4	
23	21	24	20	13	
24	22	25	21	67	
25	23	26	22	127	73	106	66	45	
26	24	27	23	117	41	
27	25	28	24	
28	26	29	25	
29	27	30	26	63	32	49	60	
30	28	31	27	65	63	107	
31	29	32	28	122	78	65	
32	30	33	29	71	65	34	96	
31	34	30	68	28	100	47	
34	35	31	46	71	
35	33	36	32	94	31	
36	34	37	33	83	18	62	
37	35	38	34	
38	36	39	35	
39	37	40	36	13	116	12	
40	38	41	37	
41	39	42	38	66	6	16	
42	40	43	39	25	
43	41	44	40	92	6	123	115	66	
44	42	45	41	59	116	46	117	
45	43	46	42	115	48	47	126	6	
46	44	47	43	24	
45	48	44	71	33	43	
48	49	45	17	44	32	127	
49	47	50	46	44	6	101	119	
50	48	51	47	88	14	13	28	
51	49	52	48	
52	50	53	49	10	80	118	117	91	112	111	113	
53	51	54	50	118	58	
54	52	55	51	65	2	11	
55	53	56	52	58	109	
56	54	57	53	11	
57	55	58	54	77	
58	56	59	55	17	
59	57	60	56	99	101	54	52	
60	58	61	57	43	100	
61	59	62	58	28	
62	60	63	59	103	
63	61	64	60	92	35	
64	62	65	61	28	29	72	
65	63	66	62	89	120	88	
66	64	67	63	53	31	94	29	30	69	
67	65	68	64	40	24	42	
68	66	69	65	23	
69	67	70	66	32	
70	68	71	67	65	
71	69	72	68	111	
72	70	73	69	31	94	8	112	46	33	74	
73	71	74	70	63	
74	72	75	71	24	77	
75	73	76	72	100	71	
76	74	77	73	102	88	91	
77	75	78	74	113	21	6	
78	76	79	75	80	73	56	1	
79	77	80	76	124	30	98	
80	78	81	77	
81	79	82	78	124	77	51	126	89	
82	80	83	79	
83	81	84	80	
84	82	85	81	35	123	110	
85	83	86	82	107	94	87	
86	84	87	83	107	126	108	9	124	
87	85	88	84	
88	86	89	85	122	84	126	
89	87	90	86	95	49	75	64	
90	88	91	87	64	12	80	124	125	
91	89	92	88	95	
92	90	93	89	75	51	
93	91	94	90	62	42	104	
94	92	95	91	
95	93	96	92	34	65	71	84	6	110	
96	94	97	93	88	90	120	
97	95	98	94	14	31	
98	96	99	95	19	102	1	
99	97	100	96	102	78	
100	98	101	97	58	102	
101	99	102	98	59	74	8	32	111	
102	100	99	48	58	
103	101	104	100	75	99	111	97	11	98	
104	102	105	123	61	111	
105	103	106	102	92	
106	104	107	103	
107	105	108	104	24	
108	106	105	85	84	29	119	
107	110	106	85	10	
110	111	54	12	
111	109	112	108	94	20	10	83	
112	110	113	109	114	102	51	100	70	103	
113	111	114	110	115	51	71	
114	112	115	111	76	51	
115	113	112	111	
116	114	117	113	44	112	42	
117	115	118	8	43	38	14	
118	116	119	115	51	25	43	
119	117	120	116	51	52	19	121	
120	118	121	117	48	20	107	
121	119	122	118	64	95	
122	120	123	119	20	118	
123	121	124	120	30	87	
124	122	125	121	83	103	42	
125	123	126	122	80	78	89	85	
126	124	127	123	89	
127	125	0	124	80	85	44	87	
0	126	1	125	24	47	
