128	661

2	3	127	71	23	63	
3	1	4	37	
4	2	5	1	7	63	
5	3	6	2	95	29	112	
6	4	7	3	77	51	47	63	61	32	106	
7	5	8	4	111	96	68	
8	6	9	5	3	32	14	96	
9	7	6	43	104	106	
10	8	11	7	13	
11	9	12	58	42	124	
12	10	13	9	60	17	20	
13	11	14	10	48	
14	12	15	11	9	65	
15	13	16	12	48	55	7	109	
16	14	17	13	81	
17	15	18	14	24	19	71	115	
18	16	19	15	11	70	
19	17	20	16	66	
20	18	21	17	16	30	
21	19	22	18	11	
22	20	23	19	62	88	
23	21	24	20	45	111	
24	22	25	21	1	119	80	32	57	
25	23	26	22	16	76	
26	24	27	23	121	31	
27	25	28	24	
28	26	29	25	84	
29	27	30	26	105	
30	28	31	27	95	68	97	4	102	52	
31	29	32	28	34	76	19	41	
32	30	33	29	102	25	37	
33	31	34	30	101	59	5	7	23	47	
34	32	31	
35	33	36	32	114	71	30	88	
36	34	37	76	
37	35	38	34	88	90	86	
38	36	39	35	2	85	100	93	94	31	
39	37	40	36	108	50	
40	38	41	37	42	104	68	111	103	50	95	69	
41	39	42	38	76	
42	40	43	39	30	
41	44	40	120	114	39	10	
44	45	41	109	47	8	
45	43	46	42	
46	44	47	43	22	
47	45	48	44	49	75	55	56	103	
48	46	49	45	43	5	98	32	
49	47	50	46	14	12	
50	48	51	47	46	81	58	
51	49	52	48	112	38	125	39	
52	50	53	49	5	83	
53	51	54	50	105	29	77	
54	52	55	51	
55	53	56	52	106	67	77	
56	54	57	53	101	103	46	14	114	58	
57	55	58	54	46	76	
58	56	59	55	116	23	
59	57	60	56	104	10	55	49	
60	58	61	57	32	83	
61	59	62	58	11	
62	60	63	59	106	115	5	
63	61	64	60	103	21	113	
64	62	65	61	81	3	5	1	
65	63	66	62	
66	64	67	63	13	
67	65	68	64	18	
68	66	69	65	54	
69	67	70	66	29	39	6	87	
70	68	71	67	39	
71	69	72	68	107	17	
72	70	73	69	34	1	98	16	
73	71	74	70	92	
74	72	75	71	
73	76	72	93	
76	77	73	46	
77	75	78	74	40	35	30	24	106	93	56	
78	76	79	75	5	54	52	
79	77	80	76	
80	78	81	77	82	
81	79	82	78	23	
82	80	83	79	97	63	98	86	15	49	
83	81	84	80	79	
84	82	85	81	120	51	59	109	
85	83	86	82	87	27	
86	84	87	83	118	37	110	
87	85	88	84	81	98	36	
88	86	89	85	84	91	68	
89	87	90	86	126	36	34	125	21	
90	88	91	87	92	
91	89	92	88	36	
92	90	93	89	87	
93	91	94	90	89	72	
94	92	95	91	124	74	37	76	
93	96	92	107	37	127	
96	97	93	4	29	39	
97	95	98	94	6	7	
98	96	99	95	81	29	112	
99	97	100	96	81	71	47	86	
100	98	101	97	
101	99	102	98	37	
100	103	99	32	55	
103	104	100	122	31	29	
104	102	105	101	62	55	39	46	
105	103	106	102	58	39	8	
106	104	107	103	123	52	28	
107	105	108	104	61	54	76	5	8	
108	106	109	105	94	70	
109	107	110	106	118	38	
110	108	111	107	43	121	14	83	
111	109	112	108	85	
112	110	113	109	6	22	39	
113	111	114	110	50	125	97	4	
114	112	115	111	62	
115	113	116	112	34	42	55	
116	114	117	113	61	16	
117	115	118	114	57	
118	116	119	115	120	
119	117	120	116	85	108	
120	118	121	117	23	
121	119	122	118	42	117	83	
122	120	123	119	109	25	
123	121	124	120	102	125	127	
124	122	125	121	105	
125	123	126	122	93	10	
126	124	127	123	112	122	50	88	
127	125	124	88	
126	1	125	122	94	
128	661

2	3	127	71	23	63	
3	1	4	37	
4	2	5	1	7	63	
5	3	6	2	95	29	112	
6	4	7	3	77	51	47	63	61	32	106	
7	5	8	4	111	96	68	
8	6	9	5	3	32	14	96	
9	7	6	43	104	106	
10	8	11	7	13	
11	9	12	58	42	124	
12	10	13	9	60	17	20	
13	11	14	10	48	
14	12	15	11	9	65	
15	13	16	12	48	55	7	109	
16	14	17	13	81	
17	15	18	14	24	19	71	115	
18	16	19	15	11	70	
19	17	20	16	66	
20	18	21	17	16	30	
21	19	22	18	11	
22	20	23	19	62	88	
23	21	24	20	45	111	
24	22	25	21	1	119	80	32	57	
25	23	26	22	16	76	
26	24	27	23	121	31	
27	25	28	24	
28	26	29	25	84	
29	27	30	26	105	
30	28	31	27	95	68	97	4	102	52	
31	29	32	28	34	76	19	41	
32	30	33	29	102	25	37	
33	31	34	30	101	59	5	7	23	47	
34	32	31	
35	33	36	32	114	71	30	88	
36	34	37	76	
37	35	38	34	88	90	86	
38	36	39	35	2	85	100	93	94	31	
39	37	40	36	108	50	
40	38	41	37	42	104	68	111	103	50	95	69	
41	39	42	38	76	
42	40	43	39	30	
41	44	40	120	114	39	10	
44	45	41	109	47	8	
45	43	46	42	
46	44	47	43	22	
47	45	48	44	49	75	55	56	103	
48	46	49	45	43	5	98	32	
49	47	50	46	14	12	
50	48	51	47	46	81	58	
51	49	52	48	112	38	125	39	
52	50	53	49	5	83	
53	51	54	50	105	29	77	
54	52	55	51	
55	53	56	52	106	67	77	
56	54	57	53	101	103	46	14	114	58	
57	55	58	54	46	76	
58	56	59	55	116	23	
59	57	60	56	104	10	55	49	
60	58	61	57	32	83	
61	59	62	58	11	
62	60	63	59	106	115	5	
63	61	64	60	103	21	113	
64	62	65	61	81	3	5	1	
65	63	66	62	
66	64	67	63	13	
67	65	68	64	18	
68	66	69	65	54	
69	67	70	66	29	39	6	87	
70	68	71	67	39	
71	69	72	68	107	17	
72	70	73	69	34	1	98	16	
73	71	74	70	92	
74	72	75	71	
73	76	72	93	
76	77	73	46	
77	75	78	74	40	35	30	24	106	93	56	
78	76	79	75	5	54	52	
79	77	80	76	
80	78	81	77	82	
81	79	82	78	23	
82	80	83	79	97	63	98	86	15	49	
83	81	84	80	79	
84	82	85	81	120	51	59	109	
85	83	86	82	87	27	
86	84	87	83	118	37	110	
87	85	88	84	81	98	36	
88	86	89	85	84	91	68	
89	87	90	86	126	36	34	125	21	
90	88	91	87	92	
91	89	92	88	36	
92	90	93	89	87	
93	91	94	90	89	72	
94	92	95	91	124	74	37	76	
93	96	92	107	37	127	
96	97	93	4	29	39	
97	95	98	94	6	7	
98	96	99	95	81	29	112	
99	97	100	96	81	71	47	86	
100	98	101	97	
101	99	102	98	37	
100	103	99	32	55	
103	104	100	122	31	29	
104	102	105	101	62	55	39	46	
105	103	106	102	58	39	8	
106	104	107	103	123	52	28	
107	105	108	104	61	54	76	5	8	
108	106	109	105	94	70	
109	107	110	106	118	38	
110	108	111	107	43	121	14	83	
111	109	112	108	85	
112	110	113	109	6	22	39	
113	111	114	110	50	125	97	4	
114	112	115	111	62	
115	113	116	112	34	42	55	
116	114	117	113	61	16	
117	115	118	114	57	
118	116	119	115	120	
119	117	120	116	85	108	
120	118	121	117	23	
121	119	122	118	42	117	83	
122	120	123	119	109	25	
123	121	124	120	102	125	127	
124	122	125	121	105	
125	123	126	122	93	10	
126	124	127	123	112	122	50	88	
127	125	124	88	
126	1	125	122	94	
128	672
1	127	126	
2	0	3	127	13	100	47	53	105	
3	1	4	116	114	50	29	70	
4	2	5	1	87	94	
5	3	6	2	31	28	115	
6	4	3	9	60	31	
7	5	8	4	43	83	80	90	
8	6	9	83	68	
9	7	6	30	92	
10	8	11	7	5	19	12	111	78	
11	9	12	95	112	93	124	99	
12	10	13	9	
13	11	14	10	66	9	113	
14	12	15	11	1	53	
15	13	16	12	80	65	
16	14	17	13	66	36	116	
17	15	18	14	60	22	
18	16	19	15	51	66	41	52	
19	17	20	16	21	101	
20	18	21	17	9	123	
21	19	22	18	53	
22	20	23	19	24	18	43	36	
23	21	24	20	60	16	
24	22	25	21	41	105	107	57	
25	23	26	22	21	114	55	116	
26	24	27	23	38	89	98	58	74	64	
27	25	28	24	
28	26	29	25	116	115	113	
29	27	30	26	66	87	4	
30	28	31	27	83	70	39	2	
31	29	32	28	83	8	
32	30	33	29	52	4	99	67	5	82	
33	31	34	30	53	
34	32	35	31	
33	36	32	98	119	121	111	78	
36	37	33	81	
37	35	38	34	15	21	
38	36	39	35	85	109	62	124	
39	37	40	36	25	
40	38	41	37	29	
41	39	42	38	101	
42	40	43	39	23	17	
43	41	44	40	67	70	
44	42	45	41	6	21	84	74	86	
45	43	46	42	120	
46	44	47	43	70	
47	45	48	44	49	122	
48	46	49	45	50	1	83	57	117	
49	47	50	46	122	
50	48	51	47	46	75	126	110	100	
51	49	52	48	47	110	2	
52	50	53	49	17	80	56	
53	51	54	50	31	99	17	
54	52	51	32	102	20	100	1	13	
55	53	52	59	62	
54	57	84	59	24	92	101	
57	58	85	63	51	
58	56	59	55	60	82	23	92	47	
59	57	60	56	82	25	
60	58	61	57	55	76	54	75	
61	59	62	58	16	57	77	5	22	
62	60	63	59	115	98	126	
61	64	60	54	37	
64	65	61	56	
63	66	62	25	
66	67	63	115	117	116	14	
67	65	68	64	15	12	71	28	17	
68	66	69	65	31	42	
69	67	70	66	109	7	123	
70	68	71	67	
71	69	72	68	45	123	29	2	42	
72	70	73	69	66	111	
73	71	74	70	114	102	
74	72	75	71	104	91	122	
75	73	76	72	93	43	25	
76	74	77	73	49	59	
77	75	78	74	93	59	
78	76	79	75	60	
79	77	80	76	98	82	9	34	
80	78	81	77	91	
81	79	82	78	6	51	14	101	
82	80	83	79	97	35	90	
83	81	84	80	57	58	78	31	
84	82	85	81	30	6	7	29	47	
83	86	82	55	43	
86	87	83	56	37	
87	85	88	84	127	43	
88	86	89	85	93	28	3	
89	87	90	86	
90	88	91	87	25	
91	89	92	88	81	6	
92	90	93	89	127	79	73	
91	94	90	57	55	8	
94	95	91	74	76	87	10	
95	93	96	92	3	
94	97	93	10	99	
97	98	94	
98	96	99	95	81	102	
99	97	100	96	34	102	61	101	25	78	
100	98	101	97	102	31	52	95	10	
101	99	102	98	1	53	49	
100	103	99	98	40	55	18	80	
103	104	100	99	98	53	72	97	
104	102	105	101	
103	106	102	73	107	
106	107	103	23	1	
107	105	108	104	112	114	
108	106	109	105	112	23	104	114	
109	107	110	106	111	
110	108	111	107	68	37	
111	109	112	108	50	49	
112	110	113	109	108	9	34	71	
113	111	114	110	107	106	10	
112	115	111	117	12	27	
115	116	112	72	24	2	107	106	
116	114	117	113	61	65	27	4	
117	115	118	114	27	2	24	65	15	
118	116	119	115	65	113	120	47	
117	120	116	
120	121	117	34	
121	119	122	118	117	44	123	
122	120	123	119	34	
123	121	124	120	46	125	48	73	
124	122	125	121	70	19	120	68	
125	123	126	122	10	37	
126	124	127	123	122	
127	125	0	124	61	49	
0	126	1	125	91	86	
