128	657

2	3	127	120	76	50	5	
3	1	4	122	105	
4	2	5	1	
5	3	6	2	
6	4	7	3	48	61	1	
7	5	8	4	68	
8	6	9	5	79	17	
9	7	10	6	
10	8	11	7	79	17	69	113	93	53	48	127	
9	12	8	
12	13	9	123	119	
13	11	14	10	
14	12	15	11	77	16	33	87	
15	13	16	12	57	
16	14	17	13	94	52	
17	15	18	14	13	
18	16	19	15	89	113	32	74	34	9	7	
19	17	20	16	39	62	78	72	103	
20	18	21	17	46	22	114	125	112	
21	19	22	18	62	70	
22	20	19	30	98	115	
23	21	24	20	97	19	54	
24	22	25	97	68	95	27	
25	23	26	22	54	
26	24	27	23	96	103	
27	25	28	24	117	
28	26	29	25	117	23	
29	27	30	26	32	
30	28	31	27	50	48	
31	29	32	28	121	21	50	
32	30	33	29	81	
33	31	34	30	85	17	28	
34	32	35	31	85	13	88	
35	33	32	17	108	
36	34	37	33	
37	35	38	49	
38	36	39	35	125	
37	40	36	110	69	
40	41	37	18	109	83	
41	39	42	38	43	
42	40	43	39	73	74	
43	41	44	40	100	
44	42	45	41	50	56	40	94	46	52	
45	43	46	42	58	
46	44	47	43	100	49	
47	45	48	44	19	123	43	
48	46	49	45	76	61	
49	47	50	46	71	29	5	112	61	9	76	
50	48	51	47	118	36	45	
51	49	52	48	29	43	30	1	
52	50	53	49	
53	51	54	50	116	15	87	43	113	77	
54	52	55	51	56	78	101	111	9	
55	53	56	52	24	22	75	
56	54	57	53	
57	55	58	54	43	53	
58	56	59	55	60	14	109	
59	57	60	56	94	81	91	44	62	
60	58	61	57	63	
61	59	62	58	57	
62	60	63	59	47	5	48	
63	61	64	60	20	18	58	
64	62	65	61	59	
65	63	66	62	67	92	
66	64	67	63	72	
67	65	68	64	108	69	
66	69	65	64	70	113	
69	70	66	92	93	101	23	6	72	
70	68	71	67	79	9	38	66	
71	69	72	68	67	20	
72	70	73	69	48	
73	71	74	70	68	65	18	
74	72	75	71	41	106	
75	73	76	72	41	17	
76	74	77	73	100	54	
77	75	78	74	47	89	1	48	
78	76	79	75	80	13	52	
79	77	80	76	18	114	123	53	
80	78	81	77	69	9	7	
81	79	82	78	77	113	122	111	
82	80	83	79	31	100	58	
83	81	84	80	85	
84	82	85	81	124	86	39	
85	83	86	82	
86	84	87	83	32	33	82	
87	85	88	84	83	121	92	96	
88	86	89	85	99	97	121	13	52	
89	87	90	86	33	
90	88	91	87	17	76	
91	89	92	88	
92	90	89	58	114	
93	91	94	90	68	86	64	105	
94	92	95	68	9	
95	93	96	92	58	15	43	
96	94	97	93	23	98	
97	95	94	25	86	103	
98	96	99	95	23	22	106	87	
99	97	100	21	95	
100	98	101	97	87	114	121	
101	99	102	98	75	81	45	42	
102	100	103	99	68	53	
103	101	104	100	
104	102	105	101	106	25	96	18	
105	103	106	102	
106	104	107	103	108	92	126	2	
107	105	108	104	103	73	97	
108	106	109	105	
109	107	110	106	66	105	34	
108	111	107	113	39	57	
111	112	108	38	119	
112	110	113	109	80	53	
113	111	114	110	48	19	
114	112	115	111	17	126	80	109	67	9	52	
115	113	116	112	78	99	19	91	
116	114	117	113	21	
117	115	118	114	52	119	
118	116	119	115	26	27	
119	117	120	116	49	
120	118	121	117	122	11	116	110	
121	119	122	118	1	
122	120	123	119	30	86	87	99	
123	121	124	120	119	80	2	
124	122	125	121	46	11	78	
125	123	126	122	83	
126	124	127	123	37	19	
127	125	124	113	105	
126	1	125	9	
128	657

2	3	127	120	76	50	5	
3	1	4	122	105	
4	2	5	1	
5	3	6	2	
6	4	7	3	48	61	1	
7	5	8	4	68	
8	6	9	5	79	17	
9	7	10	6	
10	8	11	7	79	17	69	113	93	53	48	127	
9	12	8	
12	13	9	123	119	
13	11	14	10	
14	12	15	11	77	16	33	87	
15	13	16	12	57	
16	14	17	13	94	52	
17	15	18	14	13	
18	16	19	15	89	113	32	74	34	9	7	
19	17	20	16	39	62	78	72	103	
20	18	21	17	46	22	114	125	112	
21	19	22	18	62	70	
22	20	19	30	98	115	
23	21	24	20	97	19	54	
24	22	25	97	68	95	27	
25	23	26	22	54	
26	24	27	23	96	103	
27	25	28	24	117	
28	26	29	25	117	23	
29	27	30	26	32	
30	28	31	27	50	48	
31	29	32	28	121	21	50	
32	30	33	29	81	
33	31	34	30	85	17	28	
34	32	35	31	85	13	88	
35	33	32	17	108	
36	34	37	33	
37	35	38	49	
38	36	39	35	125	
37	40	36	110	69	
40	41	37	18	109	83	
41	39	42	38	43	
42	40	43	39	73	74	
43	41	44	40	100	
44	42	45	41	50	56	40	94	46	52	
45	43	46	42	58	
46	44	47	43	100	49	
47	45	48	44	19	123	43	
48	46	49	45	76	61	
49	47	50	46	71	29	5	112	61	9	76	
50	48	51	47	118	36	45	
51	49	52	48	29	43	30	1	
52	50	53	49	
53	51	54	50	116	15	87	43	113	77	
54	52	55	51	56	78	101	111	9	
55	53	56	52	24	22	75	
56	54	57	53	
57	55	58	54	43	53	
58	56	59	55	60	14	109	
59	57	60	56	94	81	91	44	62	
60	58	61	57	63	
61	59	62	58	57	
62	60	63	59	47	5	48	
63	61	64	60	20	18	58	
64	62	65	61	59	
65	63	66	62	67	92	
66	64	67	63	72	
67	65	68	64	108	69	
66	69	65	64	70	113	
69	70	66	92	93	101	23	6	72	
70	68	71	67	79	9	38	66	
71	69	72	68	67	20	
72	70	73	69	48	
73	71	74	70	68	65	18	
74	72	75	71	41	106	
75	73	76	72	41	17	
76	74	77	73	100	54	
77	75	78	74	47	89	1	48	
78	76	79	75	80	13	52	
79	77	80	76	18	114	123	53	
80	78	81	77	69	9	7	
81	79	82	78	77	113	122	111	
82	80	83	79	31	100	58	
83	81	84	80	85	
84	82	85	81	124	86	39	
85	83	86	82	
86	84	87	83	32	33	82	
87	85	88	84	83	121	92	96	
88	86	89	85	99	97	121	13	52	
89	87	90	86	33	
90	88	91	87	17	76	
91	89	92	88	
92	90	89	58	114	
93	91	94	90	68	86	64	105	
94	92	95	68	9	
95	93	96	92	58	15	43	
96	94	97	93	23	98	
97	95	94	25	86	103	
98	96	99	95	23	22	106	87	
99	97	100	21	95	
100	98	101	97	87	114	121	
101	99	102	98	75	81	45	42	
102	100	103	99	68	53	
103	101	104	100	
104	102	105	101	106	25	96	18	
105	103	106	102	
106	104	107	103	108	92	126	2	
107	105	108	104	103	73	97	
108	106	109	105	
109	107	110	106	66	105	34	
108	111	107	113	39	57	
111	112	108	38	119	
112	110	113	109	80	53	
113	111	114	110	48	19	
114	112	115	111	17	126	80	109	67	9	52	
115	113	116	112	78	99	19	91	
116	114	117	113	21	
117	115	118	114	52	119	
118	116	119	115	26	27	
119	117	120	116	49	
120	118	121	117	122	11	116	110	
121	119	122	118	1	
122	120	123	119	30	86	87	99	
123	121	124	120	119	80	2	
124	122	125	121	46	11	78	
125	123	126	122	83	
126	124	127	123	37	19	
127	125	124	113	105	
126	1	125	9	
128	675
1	127	2	126	
2	0	3	127	122	120	
3	1	4	0	96	84	
4	2	5	1	100	
5	3	6	2	42	91	127	
6	4	7	3	
5	8	4	14	
8	9	5	122	
9	7	10	6	
10	8	11	7	
11	9	12	8	14	13	
12	10	13	9	89	
13	11	14	10	28	
14	12	15	11	17	10	95	
15	13	16	12	10	94	6	
16	14	17	13	70	94	114	88	66	
17	15	18	14	84	
18	16	19	15	13	104	20	
19	17	20	16	81	104	
20	18	21	17	116	115	89	
21	19	22	18	67	109	17	
22	20	23	19	87	78	60	83	
23	21	24	20	58	83	67	61	
24	22	25	21	87	34	26	121	
25	23	26	22	56	
26	24	27	23	116	127	
27	25	28	24	86	80	78	23	51	
28	26	29	25	118	120	98	
29	27	30	26	12	109	94	31	
30	28	31	27	126	98	94	81	80	
31	29	32	28	
32	30	33	29	116	126	28	
33	31	34	30	
34	32	35	31	67	116	70	115	
35	33	36	32	88	23	
36	34	37	33	63	42	
37	35	38	34	50	106	
38	36	39	35	97	107	54	106	
39	37	40	36	119	58	
40	38	41	37	97	86	
41	39	42	38	
42	40	43	39	
43	41	44	40	4	46	45	35	59	
44	42	45	41	63	59	
45	43	46	42	92	86	109	71	
46	44	47	43	77	42	98	
47	45	48	44	42	117	58	116	
48	46	49	45	77	103	
49	47	50	46	110	72	123	
50	48	51	47	
51	49	52	48	97	36	120	
52	50	53	49	95	26	
53	51	54	50	
54	52	55	51	98	
55	53	56	52	37	
56	54	57	53	58	60	84	127	
57	55	58	54	24	105	
58	56	59	55	
59	57	60	56	22	125	55	46	38	
60	58	61	57	97	96	43	42	
61	59	62	58	101	90	121	21	75	55	
62	60	63	59	22	
63	61	64	60	65	
64	62	65	61	68	35	108	77	43	
65	63	66	62	
66	64	67	63	96	92	62	
67	65	68	64	104	15	
68	66	69	65	20	33	112	115	22	
69	67	70	66	63	88	
70	68	71	67	98	
71	69	72	68	82	15	33	98	
72	70	73	69	105	44	
73	71	74	70	48	
74	72	75	71	
75	73	76	72	
76	74	77	73	60	90	
77	75	78	74	106	83	92	
78	76	79	75	63	47	45	113	89	
79	77	80	76	21	26	
80	78	81	77	87	
81	79	82	78	26	29	
82	80	83	79	18	126	29	
83	81	84	80	116	70	
84	82	85	81	97	22	107	21	76	
85	83	86	82	16	55	2	
86	84	87	83	
87	85	88	84	26	44	39	
88	86	89	85	23	21	79	103	
89	87	90	86	127	124	34	15	68	93	
90	88	91	87	19	126	77	11	
91	89	92	88	60	75	
92	90	93	89	4	
93	91	94	90	44	96	95	65	76	
94	92	95	91	88	
95	93	96	92	97	15	28	101	14	29	
96	94	97	93	92	51	13	
97	95	98	94	2	65	59	92	100	
98	96	99	95	37	59	50	83	94	39	
99	97	100	96	53	69	45	29	70	27	
100	98	101	97	104	106	
101	99	102	98	96	3	
102	100	103	99	60	94	
103	101	104	100	
104	102	105	101	87	47	
105	103	106	102	66	99	107	17	18	
106	104	107	103	71	56	
107	105	108	104	99	120	37	76	36	
106	109	105	121	37	83	104	
109	110	106	122	63	127	112	
110	108	111	107	113	20	121	28	125	44	
111	109	112	108	48	
112	110	113	109	121	
113	111	114	110	67	122	123	108	
114	112	115	111	109	77	
115	113	116	112	15	
116	114	117	113	19	67	33	
117	115	118	114	82	25	19	31	33	46	
118	116	119	115	46	
119	117	120	116	27	
120	118	121	117	38	126	
121	119	122	118	27	50	106	1	
120	123	119	107	109	60	111	23	
123	124	120	108	112	1	7	
124	122	125	121	112	48	
125	123	126	122	88	
126	124	127	123	58	109	
127	125	0	124	29	81	89	31	119	
0	126	1	125	88	108	4	25	55	
