128	668

2	3	127	80	90	84	82	
3	1	4	39	22	127	
4	2	5	1	40	77	94	102	97	33	
5	3	6	2	73	
6	4	7	3	77	105	
7	5	8	4	75	79	82	
8	6	9	5	75	
9	7	10	6	94	111	
10	8	11	7	48	27	58	96	42	17	
11	9	12	8	53	
12	10	9	82	52	34	36	26	
13	11	14	10	99	127	26	
14	12	15	16	
15	13	16	12	47	
16	14	17	13	
17	15	18	14	13	124	112	
18	16	19	15	109	88	21	9	68	
19	17	20	16	56	21	57	100	86	
20	18	21	17	102	
21	19	22	18	
22	20	23	19	17	18	83	85	
23	21	24	20	118	2	
24	22	25	21	26	27	40	
25	23	26	22	108	119	124	80	91	
26	24	27	23	28	115	114	112	
27	25	28	24	23	105	11	114	12	
28	26	29	25	9	23	66	
29	27	30	26	53	25	98	111	
30	28	31	27	58	88	69	
31	29	32	28	88	89	119	
32	30	33	29	62	88	
33	31	34	30	67	117	
34	32	35	31	121	123	106	3	
35	33	36	32	37	65	11	66	
36	34	37	33	118	97	99	
37	35	38	34	11	108	
38	36	39	35	34	43	122	82	
39	37	40	36	
40	38	41	37	2	
41	39	42	38	3	77	23	
42	40	43	39	98	93	
43	41	44	40	62	106	9	59	88	
44	42	45	41	54	37	106	
45	43	46	42	
46	44	47	43	103	69	101	
47	45	48	44	87	68	
48	46	49	45	14	
49	47	50	46	122	9	51	
50	48	51	47	87	52	
51	49	52	48	104	57	102	
52	50	53	49	48	55	
53	51	54	50	49	11	
54	52	55	51	28	81	10	108	
55	53	56	52	81	83	43	
56	54	57	53	51	
57	55	58	54	18	59	65	93	105	
58	56	59	55	18	50	
59	57	60	56	107	9	29	61	
60	58	61	57	56	42	93	
61	59	62	58	
62	60	63	59	119	58	
63	61	64	60	42	31	125	
64	62	65	61	85	
65	63	66	62	
66	64	67	63	68	34	56	
67	65	68	64	27	84	34	
68	66	69	65	95	32	78	
69	67	70	66	65	46	17	
70	68	71	67	45	29	
71	69	72	68	91	
72	70	73	69	
73	71	74	70	92	113	
72	75	71	4	83	
75	76	72	
76	74	77	73	6	95	7	
77	75	78	74	79	
78	76	79	75	5	3	105	40	
79	77	80	76	67	
80	78	81	77	92	76	6	121	109	
81	79	82	78	1	24	
82	80	83	79	54	53	
83	81	84	80	11	111	1	6	37	
84	82	85	81	54	73	21	
85	83	86	82	1	120	66	
84	87	83	63	21	
87	88	84	18	
88	86	89	85	49	46	
89	87	90	86	30	17	29	42	31	
90	88	91	87	92	30	
91	89	92	88	1	112	
92	90	93	89	99	96	70	24	
93	91	94	90	79	89	72	123	
94	92	95	91	59	56	41	
95	93	96	92	8	111	3	
96	94	97	93	67	107	75	103	
97	95	98	94	91	9	
98	96	99	95	125	35	3	
99	97	100	96	28	41	
100	98	101	97	12	123	91	35	
101	99	102	98	119	18	
102	100	103	99	104	45	
103	101	104	100	125	50	19	3	
104	102	105	101	45	95	
105	103	106	102	122	101	50	
106	104	107	103	26	5	77	56	
107	105	108	104	42	43	33	
108	106	109	105	58	95	
109	107	110	106	24	53	125	36	
110	108	111	107	17	79	
111	109	112	108	113	
112	110	113	109	82	94	8	28	
113	111	114	110	16	25	90	
114	112	115	111	110	72	
115	113	116	112	26	25	
116	114	117	113	25	
117	115	114	
118	116	119	115	32	
119	117	120	124	35	22	
120	118	121	117	100	24	61	30	
121	119	122	118	84	
122	120	123	119	33	79	
123	121	124	120	104	48	126	37	
124	122	125	121	99	33	92	
123	126	122	118	16	24	
126	127	123	97	108	102	62	
127	125	124	122	
126	1	125	12	2	
128	668

2	3	127	80	90	84	82	
3	1	4	39	22	127	
4	2	5	1	40	77	94	102	97	33	
5	3	6	2	73	
6	4	7	3	77	105	
7	5	8	4	75	79	82	
8	6	9	5	75	
9	7	10	6	94	111	
10	8	11	7	48	27	58	96	42	17	
11	9	12	8	53	
12	10	9	82	52	34	36	26	
13	11	14	10	99	127	26	
14	12	15	16	
15	13	16	12	47	
16	14	17	13	
17	15	18	14	13	124	112	
18	16	19	15	109	88	21	9	68	
19	17	20	16	56	21	57	100	86	
20	18	21	17	102	
21	19	22	18	
22	20	23	19	17	18	83	85	
23	21	24	20	118	2	
24	22	25	21	26	27	40	
25	23	26	22	108	119	124	80	91	
26	24	27	23	28	115	114	112	
27	25	28	24	23	105	11	114	12	
28	26	29	25	9	23	66	
29	27	30	26	53	25	98	111	
30	28	31	27	58	88	69	
31	29	32	28	88	89	119	
32	30	33	29	62	88	
33	31	34	30	67	117	
34	32	35	31	121	123	106	3	
35	33	36	32	37	65	11	66	
36	34	37	33	118	97	99	
37	35	38	34	11	108	
38	36	39	35	34	43	122	82	
39	37	40	36	
40	38	41	37	2	
41	39	42	38	3	77	23	
42	40	43	39	98	93	
43	41	44	40	62	106	9	59	88	
44	42	45	41	54	37	106	
45	43	46	42	
46	44	47	43	103	69	101	
47	45	48	44	87	68	
48	46	49	45	14	
49	47	50	46	122	9	51	
50	48	51	47	87	52	
51	49	52	48	104	57	102	
52	50	53	49	48	55	
53	51	54	50	49	11	
54	52	55	51	28	81	10	108	
55	53	56	52	81	83	43	
56	54	57	53	51	
57	55	58	54	18	59	65	93	105	
58	56	59	55	18	50	
59	57	60	56	107	9	29	61	
60	58	61	57	56	42	93	
61	59	62	58	
62	60	63	59	119	58	
63	61	64	60	42	31	125	
64	62	65	61	85	
65	63	66	62	
66	64	67	63	68	34	56	
67	65	68	64	27	84	34	
68	66	69	65	95	32	78	
69	67	70	66	65	46	17	
70	68	71	67	45	29	
71	69	72	68	91	
72	70	73	69	
73	71	74	70	92	113	
72	75	71	4	83	
75	76	72	
76	74	77	73	6	95	7	
77	75	78	74	79	
78	76	79	75	5	3	105	40	
79	77	80	76	67	
80	78	81	77	92	76	6	121	109	
81	79	82	78	1	24	
82	80	83	79	54	53	
83	81	84	80	11	111	1	6	37	
84	82	85	81	54	73	21	
85	83	86	82	1	120	66	
84	87	83	63	21	
87	88	84	18	
88	86	89	85	49	46	
89	87	90	86	30	17	29	42	31	
90	88	91	87	92	30	
91	89	92	88	1	112	
92	90	93	89	99	96	70	24	
93	91	94	90	79	89	72	123	
94	92	95	91	59	56	41	
95	93	96	92	8	111	3	
96	94	97	93	67	107	75	103	
97	95	98	94	91	9	
98	96	99	95	125	35	3	
99	97	100	96	28	41	
100	98	101	97	12	123	91	35	
101	99	102	98	119	18	
102	100	103	99	104	45	
103	101	104	100	125	50	19	3	
104	102	105	101	45	95	
105	103	106	102	122	101	50	
106	104	107	103	26	5	77	56	
107	105	108	104	42	43	33	
108	106	109	105	58	95	
109	107	110	106	24	53	125	36	
110	108	111	107	17	79	
111	109	112	108	113	
112	110	113	109	82	94	8	28	
113	111	114	110	16	25	90	
114	112	115	111	110	72	
115	113	116	112	26	25	
116	114	117	113	25	
117	115	114	
118	116	119	115	32	
119	117	120	124	35	22	
120	118	121	117	100	24	61	30	
121	119	122	118	84	
122	120	123	119	33	79	
123	121	124	120	104	48	126	37	
124	122	125	121	99	33	92	
123	126	122	118	16	24	
126	127	123	97	108	102	62	
127	125	124	122	
126	1	125	12	2	
128	689
1	127	2	126	65	3	5	63	33	67	
2	0	3	127	118	105	84	72	126	
3	1	4	0	83	
4	2	5	1	0	18	70	
5	3	6	2	70	38	16	20	71	9	
6	4	3	73	110	0	72	
7	5	8	4	100	66	47	
8	6	9	10	23	37	113	
9	7	10	6	115	
10	8	11	7	59	123	4	
11	9	12	8	121	7	86	
12	10	13	9	44	43	
13	11	14	10	26	28	85	38	112	
14	12	15	11	116	
15	13	16	12	17	82	
16	14	17	13	101	119	24	61	
17	15	18	14	59	4	90	
18	16	19	15	77	14	20	
19	17	20	16	59	3	
20	18	21	17	125	
21	19	22	18	78	100	17	121	4	53	66	
22	20	23	19	113	41	
23	21	24	20	85	44	87	
24	22	25	21	7	102	37	74	124	127	119	
25	23	26	22	69	115	15	
26	24	27	23	103	124	39	
25	28	24	12	29	115	
28	29	25	101	100	89	
29	27	30	26	80	12	31	68	32	109	
30	28	31	27	26	46	
31	29	32	28	59	88	
32	30	33	29	34	28	47	46	
31	34	30	35	28	120	
34	35	31	0	
35	33	36	32	31	99	
36	34	37	33	32	
37	35	38	34	97	40	
38	36	39	35	23	7	101	
39	37	40	36	121	58	4	12	
40	38	41	37	25	63	
41	39	42	38	36	123	
42	40	39	53	21	88	
43	41	44	40	45	
44	42	45	11	125	87	65	
45	43	46	42	122	11	47	22	67	111	
46	44	47	43	42	108	
47	45	48	44	82	85	92	69	31	29	63	
48	46	49	45	44	31	6	122	
49	47	50	46	
50	48	51	47	
51	49	52	48	
52	50	53	49	94	95	91	111	
53	51	54	50	121	
54	52	55	51	20	41	
55	53	56	52	57	95	
56	54	57	53	
57	55	58	54	99	
58	56	59	55	54	60	88	
59	57	60	56	38	115	
60	58	61	57	30	9	16	18	
61	59	62	58	92	57	90	
62	60	63	59	112	72	15	
63	61	64	60	78	
64	62	65	61	102	105	0	98	46	39	
65	63	66	62	115	
66	64	67	63	0	43	
67	65	68	64	6	119	90	20	
68	66	69	65	44	0	
69	67	70	66	97	28	124	93	
70	68	71	67	24	46	
71	69	72	68	4	3	
72	70	73	69	4	
73	71	74	70	61	1	5	127	
74	72	75	71	5	
75	73	76	72	23	
76	74	77	73	123	
77	75	78	74	125	
78	76	79	75	17	80	
79	77	80	76	20	125	123	62	117	
80	78	81	77	
81	79	82	78	28	120	110	127	98	77	117	
82	80	83	79	
83	81	84	80	46	14	
84	82	85	81	87	2	
85	83	86	82	1	
86	84	87	83	12	22	108	46	
87	85	88	84	102	10	
86	89	85	83	22	43	
89	90	86	30	102	41	57	
90	88	91	87	114	27	
91	89	92	88	60	105	66	16	122	
92	90	93	89	51	
93	91	94	90	60	46	
94	92	95	91	101	68	
95	93	96	92	51	
96	94	97	93	51	54	
97	95	98	94	105	
98	96	99	95	68	101	36	100	
99	97	100	96	80	63	
100	98	101	97	102	56	34	
101	99	102	98	105	6	20	97	27	
102	100	103	99	15	97	93	37	27	
103	101	104	100	86	99	23	63	120	111	88	
104	102	105	101	25	
105	103	106	102	122	114	
106	104	107	103	100	1	123	96	90	63	120	
107	105	108	104	122	
108	106	109	105	
109	107	110	106	112	85	45	
110	108	111	107	28	116	
111	109	112	108	80	5	
112	110	113	109	102	44	51	
113	111	114	110	61	108	12	
114	112	115	111	7	21	
115	113	116	112	89	104	
116	114	117	113	64	24	26	8	120	122	58	
117	115	118	114	109	13	
118	116	119	115	80	78	
119	117	120	116	1	
120	118	121	117	66	15	23	
121	119	122	118	80	102	32	115	105	
122	120	123	119	38	10	20	52	
123	121	124	120	44	104	106	125	47	90	115	
124	122	125	121	75	9	78	105	40	
125	123	126	122	127	25	68	23	
126	124	127	123	19	122	78	43	76	
127	125	0	124	1	
0	126	1	125	124	80	23	72	
