10.79952 0.037965831352492346 0.6122370207689696 7.98
10.2144 0.041254814251941364 0.6652751611174113 6.22
9.5533 0.05683560605018201 0.9165310196606019 5.96
8.48288 0.08052623845152908 1.29856617297699 3.06
6.89668 0.09468180721641536 1.5268388839691418 2.72
5.3936 0.08113575839341108 1.3083952919511652 2.42
4.82912 0.06829010113756014 1.1012462147948394 2.42
4.54308 0.06604196830306495 1.064992823262196 2.0
4.35868 0.06470159158064921 1.0433779073758347 2.0
4.27808 0.0683311134534744 1.1019075794276079 2.0
4.09514 0.059987473828133075 0.9673580414717229 2.0
4.05866 0.06275874304869482 1.0120475307019932 2.0
3.97534 0.0635372854200561 1.024602305482484 2.0
3.92316 0.06908500382653798 1.1140648160677205 2.0
3.85184 0.07140985634057581 1.1515553892019323 1.46
3.6138 0.06669433458249158 1.075512882303128 1.46
3.24974 0.0621639161544659 1.0024553518237065 1.46
2.9377 0.05543375561945935 0.89392477871461 1.46
2.8121 0.06199668399140412 0.9997585658547891 1.46
2.70368 0.06265505172148883 1.0103754042928872 1.4
2.5937 0.0591291822602916 0.9535172310975839 1.32
2.54108 0.060094139735487315 0.9690781359622098 1.32
2.48452 0.057044776899790636 0.9199041089157037 1.3
2.4512 0.0600879363948887 0.9689781008877334 1.3
2.43918 0.06488535680502866 1.0463413055021773 1.3
2.25762 0.053661217042622236 0.8653408204863494 1.24
1.73612 0.048732740402772694 0.7858642030274546 1.24
1.48476 0.04147606109513975 0.6688429878528958 1.18
1.4439 0.03829085873686896 0.6174784125781339 1.18
1.46152 0.0459977403340999 0.7417595901638349 1.18
1.4338 0.04047015582090424 0.6526217587546606 1.18
1.44274 0.04389616250615449 0.7078695447609187 1.18
1.43718 0.04259096886111917 0.6868219912029861 1.18
1.43324 0.0406260644819956 0.6551359419235321 1.18
1.45788 0.04896786451693006 0.7896558146433347 1.18
1.4306 0.04629159259054151 0.746498251839901 1.18
1.4406 0.04821682944019996 0.7775446225137294 1.18
1.45424 0.04802026716242091 0.7743748590960474 1.18
1.4119 0.041182854715848004 0.664114741592163 1.14
1.42802 0.04575771456523665 0.7378889344610203 1.14
1.42192 0.043822348216966664 0.706679215486078 1.14
1.40936 0.03914402402791298 0.6312365566093455 1.14
1.42382 0.04592904103077066 0.7406517451542342 1.14
1.41866 0.043285210863556974 0.6980173381800859 1.14
1.43928 0.046971554640867254 0.7574633203000722 1.0
1.3525 0.04608226914649214 0.7431227018467498 1.0
1.1178 0.03340567145532906 0.5386998793391375 1.0
1.04724 0.029012680651508655 0.4678585068158957 1.0
1.0507 0.030105104370607393 0.4854749324115507 1.0
1.03658 0.025406857483698368 0.40971100009641026 1.0
1.04826 0.03262728827457153 0.5261476716664251 1.0
1.04792 0.02996535602631051 0.4832213505216838 1.0
1.0582 0.03255086024114324 0.5249151931502842 1.0
1.0524 0.028955382302920957 0.466934513609778 1.0
1.04766 0.029794475867302116 0.4804657369677886 1.0
1.0554 0.031688650208805916 0.511011193615169 1.0
1.08318 0.03932938815716529 0.6342257386766947 1.0
1.06346 0.03900021581292716 0.628917505242142 1.0
1.05774 0.034910970121132985 0.5629743265904763 1.0
1.069 0.03692029416948843 0.5953766874844866 1.0
1.03904 0.025892779415259526 0.4175469774767865 1.0
1.06576 0.033397685211842866 0.538571093171551 1.0
1.04642 0.030765980661825863 0.4961322239081027 1.0
1.06294 0.03297554304488928 0.531763628316191 1.0
1.02028 0.019617014753687833 0.3163439925144777 1.0
1.0603 0.035121176471364556 0.5663641143292887 1.0
1.03636 0.02608764470056011 0.42068937519267086 1.0
1.05284 0.031346210163313876 0.5054890052216763 1.0
1.09908 0.04123512846650791 0.6649577081288707 1.0
1.06516 0.03194021526236237 0.5150679318303557 1.0
1.06204 0.03058701508629651 0.4932462249221987 1.0
1.06232 0.0352541480885528 0.5685084147134504 1.0
1.0769 0.03868400160640419 0.6238182347447047 1.0
1.06186 0.034183946472534116 0.5512503427663334 1.0
1.05312 0.031042558280424556 0.5005923147632216 1.0
1.04814 0.02848908469058188 0.45941499801377833 1.0
1.03374 0.02423845267966058 0.39086930347623905 1.0
1.0298 0.02130848624943219 0.34362066294098154 1.0
1.04862 0.02706435437794253 0.4364397960773061 1.0
1.048 0.029129852341153693 0.46974801755835005 1.0
1.08348 0.03908941939548396 0.6303560022717324 1.0
1.04574 0.029540119839634667 0.47636399150229586 1.0
1.05876 0.03206462332142048 0.5170741362706119 1.0
1.06212 0.03499011208007682 0.5642505698712234 1.0
1.04122 0.02871677434133459 0.4630867214680209 1.0
1.05014 0.031439847097117564 0.5069989944763208 1.0
1.06894 0.03575777671071755 0.5766299301978698 1.0
1.05262 0.03311963147908308 0.5340871984985225 1.0
1.04848 0.02795267053570082 0.4507647830077232 1.0
1.0338 0.02361743521685244 0.38085477547222635 1.0
1.04094 0.027681625013094992 0.4463939027361375 1.0
1.03994 0.028176365630620075 0.45437209025203057 1.0
1.04062 0.026740071338426628 0.43121040757384355 1.0
1.04988 0.02806688816688326 0.45260665660151284 1.0
1.04432 0.02804559914559848 0.45226334983060434 1.0
1.08204 0.03702870850963252 0.5971249772032653 1.0
1.03888 0.025262390598589788 0.407381327014384 1.0
1.02062 0.02048585954775559 0.33035498422151827 1.0
1.06374 0.03350847384909578 0.5403576708070313 1.0
1.0282 0.023834941195601866 0.3843622770252048 1.0
1.03216 0.02311144828678971 0.3726952299131296 1.0
10.79952 0.037965831352492346 0.6122370207689696 7.98
10.2144 0.041254814251941364 0.6652751611174113 6.22
9.5533 0.05683560605018201 0.9165310196606019 5.96
8.48288 0.08052623845152908 1.29856617297699 3.06
6.89668 0.09468180721641536 1.5268388839691418 2.72
5.3936 0.08113575839341108 1.3083952919511652 2.42
4.82912 0.06829010113756014 1.1012462147948394 2.42
4.54308 0.06604196830306495 1.064992823262196 2.0
4.35868 0.06470159158064921 1.0433779073758347 2.0
4.27808 0.0683311134534744 1.1019075794276079 2.0
4.09514 0.059987473828133075 0.9673580414717229 2.0
4.05866 0.06275874304869482 1.0120475307019932 2.0
3.97534 0.0635372854200561 1.024602305482484 2.0
3.92316 0.06908500382653798 1.1140648160677205 2.0
3.85184 0.07140985634057581 1.1515553892019323 1.46
3.6138 0.06669433458249158 1.075512882303128 1.46
3.24974 0.0621639161544659 1.0024553518237065 1.46
2.9377 0.05543375561945935 0.89392477871461 1.46
2.8121 0.06199668399140412 0.9997585658547891 1.46
2.70368 0.06265505172148883 1.0103754042928872 1.4
2.5937 0.0591291822602916 0.9535172310975839 1.32
2.54108 0.060094139735487315 0.9690781359622098 1.32
2.48452 0.057044776899790636 0.9199041089157037 1.3
2.4512 0.0600879363948887 0.9689781008877334 1.3
2.43918 0.06488535680502866 1.0463413055021773 1.3
2.25762 0.053661217042622236 0.8653408204863494 1.24
1.73612 0.048732740402772694 0.7858642030274546 1.24
1.48476 0.04147606109513975 0.6688429878528958 1.18
1.4439 0.03829085873686896 0.6174784125781339 1.18
1.46152 0.0459977403340999 0.7417595901638349 1.18
1.4338 0.04047015582090424 0.6526217587546606 1.18
1.44274 0.04389616250615449 0.7078695447609187 1.18
1.43718 0.04259096886111917 0.6868219912029861 1.18
1.43324 0.0406260644819956 0.6551359419235321 1.18
1.45788 0.04896786451693006 0.7896558146433347 1.18
1.4306 0.04629159259054151 0.746498251839901 1.18
1.4406 0.04821682944019996 0.7775446225137294 1.18
1.45424 0.04802026716242091 0.7743748590960474 1.18
1.4119 0.041182854715848004 0.664114741592163 1.14
1.42802 0.04575771456523665 0.7378889344610203 1.14
1.42192 0.043822348216966664 0.706679215486078 1.14
1.40936 0.03914402402791298 0.6312365566093455 1.14
1.42382 0.04592904103077066 0.7406517451542342 1.14
1.41866 0.043285210863556974 0.6980173381800859 1.14
1.43928 0.046971554640867254 0.7574633203000722 1.0
1.3525 0.04608226914649214 0.7431227018467498 1.0
1.1178 0.03340567145532906 0.5386998793391375 1.0
1.04724 0.029012680651508655 0.4678585068158957 1.0
1.0507 0.030105104370607393 0.4854749324115507 1.0
1.03658 0.025406857483698368 0.40971100009641026 1.0
1.04826 0.03262728827457153 0.5261476716664251 1.0
1.04792 0.02996535602631051 0.4832213505216838 1.0
1.0582 0.03255086024114324 0.5249151931502842 1.0
1.0524 0.028955382302920957 0.466934513609778 1.0
1.04766 0.029794475867302116 0.4804657369677886 1.0
1.0554 0.031688650208805916 0.511011193615169 1.0
1.08318 0.03932938815716529 0.6342257386766947 1.0
1.06346 0.03900021581292716 0.628917505242142 1.0
1.05774 0.034910970121132985 0.5629743265904763 1.0
1.069 0.03692029416948843 0.5953766874844866 1.0
1.03904 0.025892779415259526 0.4175469774767865 1.0
1.06576 0.033397685211842866 0.538571093171551 1.0
1.04642 0.030765980661825863 0.4961322239081027 1.0
1.06294 0.03297554304488928 0.531763628316191 1.0
1.02028 0.019617014753687833 0.3163439925144777 1.0
1.0603 0.035121176471364556 0.5663641143292887 1.0
1.03636 0.02608764470056011 0.42068937519267086 1.0
1.05284 0.031346210163313876 0.5054890052216763 1.0
1.09908 0.04123512846650791 0.6649577081288707 1.0
1.06516 0.03194021526236237 0.5150679318303557 1.0
1.06204 0.03058701508629651 0.4932462249221987 1.0
1.06232 0.0352541480885528 0.5685084147134504 1.0
1.0769 0.03868400160640419 0.6238182347447047 1.0
1.06186 0.034183946472534116 0.5512503427663334 1.0
1.05312 0.031042558280424556 0.5005923147632216 1.0
1.04814 0.02848908469058188 0.45941499801377833 1.0
1.03374 0.02423845267966058 0.39086930347623905 1.0
1.0298 0.02130848624943219 0.34362066294098154 1.0
1.04862 0.02706435437794253 0.4364397960773061 1.0
1.048 0.029129852341153693 0.46974801755835005 1.0
1.08348 0.03908941939548396 0.6303560022717324 1.0
1.04574 0.029540119839634667 0.47636399150229586 1.0
1.05876 0.03206462332142048 0.5170741362706119 1.0
1.06212 0.03499011208007682 0.5642505698712234 1.0
1.04122 0.02871677434133459 0.4630867214680209 1.0
1.05014 0.031439847097117564 0.5069989944763208 1.0
1.06894 0.03575777671071755 0.5766299301978698 1.0
1.05262 0.03311963147908308 0.5340871984985225 1.0
1.04848 0.02795267053570082 0.4507647830077232 1.0
1.0338 0.02361743521685244 0.38085477547222635 1.0
1.04094 0.027681625013094992 0.4463939027361375 1.0
1.03994 0.028176365630620075 0.45437209025203057 1.0
1.04062 0.026740071338426628 0.43121040757384355 1.0
1.04988 0.02806688816688326 0.45260665660151284 1.0
1.04432 0.02804559914559848 0.45226334983060434 1.0
1.08204 0.03702870850963252 0.5971249772032653 1.0
1.03888 0.025262390598589788 0.407381327014384 1.0
1.02062 0.02048585954775559 0.33035498422151827 1.0
1.06374 0.03350847384909578 0.5403576708070313 1.0
1.0282 0.023834941195601866 0.3843622770252048 1.0
1.03216 0.02311144828678971 0.3726952299131296 1.0

10.883999999999999 0.4319832885656724 0.6611989110699067 9.9
10.258000000000001 0.1743751439983289 0.2669007306096871 9.9
10.126000000000001 0.150357537741028 0.2301390883791245 9.84
9.922 0.278442664674622 0.4261877520529928 9.22
9.998 0.3213151519061194 0.4918089059787542 9.22
9.970000000000002 0.3398463914443665 0.5201730481291325 9.22
9.914000000000001 0.2567225926948925 0.39294274392075385 9.22
9.776000000000002 0.21357505638791172 0.3269005965121098 9.22
9.9 0.3101510341752834 0.4747209706764542 9.22
9.918000000000001 0.4138834438180128 0.6334950670683869 9.22
10.046000000000001 0.4335318363806253 0.6635691373172836 9.22
10.883999999999999 0.4319832885656724 0.6611989110699067 9.9
10.258000000000001 0.1743751439983289 0.2669007306096871 9.9
10.126000000000001 0.150357537741028 0.2301390883791245 9.84
9.922 0.278442664674622 0.4261877520529928 9.22
9.998 0.3213151519061194 0.4918089059787542 9.22
9.970000000000002 0.3398463914443665 0.5201730481291325 9.22
9.914000000000001 0.2567225926948925 0.39294274392075385 9.22
9.776000000000002 0.21357505638791172 0.3269005965121098 9.22
9.9 0.3101510341752834 0.4747209706764542 9.22
9.918000000000001 0.4138834438180128 0.6334950670683869 9.22
10.046000000000001 0.4335318363806253 0.6635691373172836 9.22

38.24919029182186 1.5034977984338447 2.3012721404599663 34.47289945417747
35.997616535310826 0.632663276884553 0.9683621584967649 34.47289945417747
34.48076149225336 0.5537670625968023 0.8476026468318403 33.08968140540094
34.35396363955212 0.6751040480116647 1.0333225224668339 32.913849371229084
34.112564419097886 0.8330882880342707 1.2751351347463327 32.84557074469601
33.57386379897402 0.6832561344117803 1.0458002057323168 32.71923172200427
33.63773537692136 0.9875483510103361 1.5115535984852082 32.673380484790194
33.66435596931213 0.8186379509882734 1.2530172719208268 32.354140057301734
32.994926121345685 0.4793041465855746 0.7336287957942469 32.11158032909866
33.56111631883315 1.066188963237252 1.6319218825059982 32.11158032909866
33.100931479125805 0.6956866636089868 1.0648265259321228 32.11158032909866
