128	665

2	3	106	
3	1	125	
4	2	5	1	38	
3	6	127	
6	7	3	9	15	85	
7	5	8	4	9	127	46	
8	6	9	5	10	12	
9	7	10	6	37	58	
8	11	7	5	76	31	6	17	74	72	
11	12	8	95	7	37	94	124	65	64	45	73	
12	10	13	9	95	21	25	23	
13	11	14	10	7	43	
14	12	15	11	117	119	93	23	
15	13	16	12	60	93	
16	14	17	13	23	89	82	64	114	5	
17	15	18	14	42	127	103	124	60	
18	16	19	15	21	9	
19	17	20	16	100	65	115	
20	18	21	17	
21	19	22	18	58	23	56	60	
22	20	23	19	17	11	53	
23	21	24	20	96	86	25	27	28	
24	22	25	21	15	26	20	119	113	37	11	13	
25	23	22	41	
26	24	27	23	97	11	22	
27	25	28	23	58	42	30	
28	26	29	25	30	59	37	22	
29	27	30	26	58	22	
30	28	31	27	64	63	
31	29	28	27	26	
32	30	33	29	9	
31	34	80	74	76	
34	35	31	90	55	114	
35	33	36	32	87	37	85	
36	34	37	33	98	100	
37	35	38	34	56	49	
38	36	39	35	8	48	10	27	117	34	50	23	
39	37	40	36	44	3	
40	38	41	37	43	
41	39	42	38	43	44	65	
40	43	39	24	60	
43	44	40	16	118	26	90	
42	45	41	39	100	40	98	69	12	103	
45	46	42	115	99	38	40	121	
46	44	47	43	65	10	
47	45	48	44	100	99	6	
48	46	49	45	
49	47	50	46	37	
50	48	51	47	36	
51	49	52	48	54	37	
52	50	53	49	68	
53	51	54	50	56	103	75	61	
54	52	55	51	101	103	97	21	
55	53	56	52	50	
56	54	57	53	66	33	87	
57	55	58	54	52	88	20	89	36	
58	56	59	55	
59	57	60	56	20	26	8	80	28	
60	58	61	57	27	67	86	
61	59	62	58	14	20	41	16	
62	60	63	59	66	101	52	87	
63	61	64	60	
64	62	61	29	125	93	
65	63	66	62	15	29	10	
66	64	67	18	45	10	108	40	95	
67	65	68	64	55	70	61	
68	66	69	65	71	103	59	
69	67	70	66	51	
70	68	71	67	43	
71	69	72	68	66	85	109	
72	70	73	69	67	
73	71	74	70	76	96	79	9	100	
72	75	71	114	10	
75	76	72	32	112	95	9	
76	74	77	73	52	
77	75	78	74	72	9	32	96	120	111	
78	76	79	75	95	94	104	
79	77	80	76	120	116	118	117	
80	78	81	77	72	
81	79	82	78	32	58	
82	80	83	79	
83	81	84	80	15	122	
84	82	85	81	
85	83	86	82	
86	84	87	83	70	5	34	
87	85	88	84	59	22	
88	86	89	85	34	55	61	
89	87	90	86	56	
90	88	91	87	15	56	
91	89	92	88	42	33	125	
92	90	93	89	94	
93	91	94	90	96	109	102	
94	92	91	13	63	14	
95	93	96	92	10	77	91	
96	94	97	11	10	77	74	65	
97	95	98	94	72	76	92	22	
98	96	95	25	53	
99	97	100	96	103	35	43	114	
98	101	44	46	
101	102	98	18	46	43	35	72	
102	100	103	99	119	53	61	
103	101	104	100	92	
104	102	105	101	98	52	67	43	107	53	16	127	
105	103	106	102	77	
106	104	107	103	
107	105	108	104	1	
108	106	109	105	116	103	
109	107	110	106	65	
110	108	111	107	70	92	
111	109	112	108	
112	110	113	109	76	
113	111	114	110	74	115	
114	112	115	111	23	
115	113	116	112	123	98	15	73	33	
116	114	117	113	44	112	18	
117	115	118	114	107	78	
118	116	119	115	13	37	78	
119	117	120	116	78	42	
120	118	121	117	101	23	13	
121	119	122	118	78	76	
122	120	123	119	125	44	
123	121	124	120	82	
124	122	125	121	114	
125	123	126	122	10	127	16	
126	124	123	2	63	121	90	
127	125	124	
126	124	4	16	6	103	
