128	662

2	3	127	80	
3	1	4	34	
4	2	5	1	
5	3	6	2	113	29	88	103	72	53	
6	4	7	3	14	9	
7	5	8	4	12	
8	6	9	5	11	49	
9	7	10	6	71	
10	8	11	7	119	41	5	
11	9	12	8	54	121	89	124	91	
12	10	13	9	7	54	
13	11	14	10	113	6	
14	12	15	11	47	48	37	
15	13	16	12	5	70	
16	14	17	13	18	
17	15	18	14	106	33	55	99	88	
18	16	19	15	20	75	
19	17	20	16	51	122	73	50	55	15	21	58	
20	18	21	17	23	66	27	88	
21	19	22	18	17	64	
22	20	23	19	98	36	96	18	
23	21	24	20	31	48	
24	22	25	21	94	19	
25	23	26	22	45	
26	24	27	23	114	109	
27	25	28	24	
28	26	29	25	19	
29	27	30	26	89	
30	28	31	27	33	32	38	4	89	73	
31	29	32	28	59	57	58	
32	30	33	29	22	
33	31	34	30	29	
34	32	35	31	29	75	16	107	109	57	77	
35	33	36	32	2	
36	34	37	33	47	
37	35	38	34	21	112	
38	36	39	35	44	120	13	46	119	
39	37	40	36	29	45	
40	38	41	37	54	
41	39	42	38	117	98	
42	40	43	39	9	
43	41	44	40	104	
44	42	45	41	119	
45	43	46	42	37	117	101	
46	44	47	43	24	38	118	
47	45	48	44	37	
48	46	49	45	13	35	112	
49	47	50	46	13	22	92	
50	48	51	47	7	
51	49	52	48	111	18	
52	50	53	49	18	
53	51	54	50	90	76	119	107	
54	52	55	51	107	98	4	
55	53	56	52	10	39	107	80	11	78	76	
56	54	57	53	58	18	16	
57	55	58	54	104	103	124	
58	56	59	55	30	33	
59	57	60	56	55	30	18	
60	58	61	57	88	68	30	
61	59	62	58	122	64	
62	60	63	59	68	
63	61	64	60	92	
64	62	65	61	
65	63	66	62	86	60	20	
66	64	67	63	74	
67	65	68	64	19	
68	66	69	65	74	105	
69	67	70	66	61	59	77	
70	68	71	67	73	119	75	
71	69	72	68	73	14	
72	70	73	69	8	
73	71	74	70	124	96	4	
74	72	75	71	69	18	127	70	78	29	
75	73	76	72	65	67	78	
76	74	77	73	33	17	69	
77	75	78	74	104	52	54	
78	76	79	75	81	80	68	83	33	
79	77	80	76	88	82	74	73	54	101	
80	78	81	77	
81	79	82	78	110	54	77	1	
82	80	83	79	77	85	
83	81	84	80	106	88	78	85	
84	82	85	81	86	77	
85	83	86	82	
86	84	87	83	81	127	82	
87	85	88	84	83	120	64	
88	86	89	85	123	
89	87	90	86	59	94	78	82	19	4	16	
90	88	91	87	10	29	28	
91	89	92	88	52	105	93	
92	90	93	89	95	10	
93	91	94	90	97	62	48	
94	92	95	91	97	90	
95	93	96	92	88	23	
96	94	97	93	109	91	
97	95	98	94	72	113	21	
98	96	99	95	92	93	
99	97	100	96	21	40	53	
100	98	101	97	16	
99	102	98	
102	103	99	44	115	118	78	
103	101	104	100	
104	102	105	101	4	56	
105	103	106	102	56	76	42	
106	104	107	103	90	67	108	
107	105	108	104	82	16	
108	106	109	105	53	54	33	52	
109	107	110	106	105	
110	108	111	107	95	33	25	
111	109	112	108	80	114	
112	110	113	109	50	115	117	
113	111	114	110	116	36	115	47	
114	112	115	111	4	96	12	
115	113	116	112	25	110	
116	114	117	113	111	101	112	
117	115	118	114	112	
118	116	119	115	40	44	111	
119	117	120	116	101	45	
120	118	121	117	9	69	123	52	37	43	
121	119	122	118	86	37	
122	120	123	119	10	
123	121	124	120	18	60	
124	122	125	121	87	119	
125	123	126	122	72	10	56	
126	124	127	123	
127	125	124	
126	1	125	73	85	
