128	674

2	3	127	66	94	
3	1	4	53	52	
4	2	5	1	26	40	14	
5	3	6	2	45	86	89	49	
6	4	7	3	88	62	32	85	25	
7	5	8	4	86	46	85	
8	6	9	5	96	55	79	104	
9	7	10	6	46	52	
10	8	7	24	104	
11	9	8	
12	10	13	86	73	105	97	
13	11	14	16	
14	12	15	11	90	73	29	
15	13	16	12	49	91	3	
16	14	17	13	119	123	121	120	52	
17	15	18	14	12	38	
18	16	19	15	64	24	
19	17	20	16	47	42	
20	18	21	17	112	27	22	28	
21	19	22	18	98	31	107	
22	20	23	19	92	24	25	
21	24	20	56	19	
24	25	21	26	70	27	92	
25	23	26	22	69	21	9	53	17	
26	24	27	23	93	48	91	21	5	
27	25	28	24	3	23	49	80	
28	26	29	25	19	23	
29	27	30	26	34	19	38	66	
30	28	31	27	122	97	34	13	
31	29	32	28	85	109	61	63	
32	30	33	29	20	68	49	58	
33	31	34	30	116	54	63	5	77	108	120	
34	32	35	31	36	37	
35	33	36	32	28	38	29	
36	34	37	33	42	125	
37	35	38	34	39	108	33	
38	36	39	35	109	98	33	
39	37	40	36	66	34	16	57	28	59	
40	38	41	37	36	95	57	50	49	93	
41	39	42	38	103	56	50	3	
42	40	43	39	
41	44	40	124	65	18	35	
44	45	41	122	68	47	
45	43	46	42	120	92	121	47	
46	44	47	43	4	77	79	124	83	
47	45	48	44	8	6	
48	46	45	18	96	43	88	44	
49	47	50	46	25	54	
50	48	51	14	26	31	39	4	
51	49	52	48	40	39	
52	50	53	49	
53	51	54	50	8	70	15	2	
54	52	55	51	2	24	66	56	
55	53	56	52	32	48	97	
54	57	53	99	64	75	7	78	74	
57	58	54	40	22	113	115	53	
58	56	59	55	39	76	38	60	
57	60	56	68	31	82	
60	61	57	90	38	80	
61	59	62	58	121	120	57	70	
62	60	63	59	97	30	
63	61	64	60	5	
64	62	65	61	32	30	
65	63	66	62	55	17	84	
66	64	67	63	42	69	
67	65	68	64	38	1	53	28	
68	66	69	65	
69	67	70	66	74	58	31	99	43	107	
70	68	71	67	65	24	105	
71	69	72	68	73	60	52	23	
72	70	73	69	
73	71	74	70	117	
74	72	75	71	70	11	13	
75	73	76	72	68	77	55	
76	74	77	73	55	
77	75	78	74	57	
78	76	79	75	74	45	32	
79	77	80	76	102	97	55	
80	78	81	77	89	7	82	45	
81	79	78	26	59	
82	80	83	79	107	
83	81	84	121	79	58	
84	82	85	81	45	
85	83	86	82	120	97	64	
86	84	87	83	30	6	5	
87	85	88	84	6	11	4	110	
88	86	89	85	119	118	
89	87	86	5	47	99	
90	88	91	87	79	4	
91	89	92	13	59	
92	90	93	89	14	25	
93	91	94	90	21	44	23	115	
94	92	95	91	25	39	
95	93	96	92	123	1	
96	94	97	93	108	39	
97	95	98	94	7	47	108	
98	96	99	95	61	78	29	84	11	54	
99	97	100	96	20	37	
100	98	101	97	55	68	88	
101	99	102	98	
102	100	103	99	
103	101	104	100	78	120	
104	102	105	101	40	107	
103	106	102	108	9	7	
106	107	103	108	11	69	
107	105	108	104	
108	106	109	105	20	81	103	68	
109	107	110	106	95	36	105	104	32	96	
110	108	111	107	37	30	117	113	
111	109	112	108	86	
112	110	113	109	
111	114	110	19	
114	115	111	56	119	109	
115	113	116	112	
116	114	117	113	56	92	
117	115	118	114	32	
118	116	119	115	109	72	
119	117	120	116	87	126	
120	118	121	117	15	87	113	
121	119	122	118	44	15	60	84	102	32	
122	120	123	119	60	15	82	44	
123	121	120	43	29	
124	122	125	121	15	94	
125	123	126	42	45	
126	124	127	123	35	
127	125	124	118	
126	1	125	
