128	645

2	127	4	90	
3	1	4	90	14	
4	2	5	71	
5	3	6	2	7	40	1	49	
6	4	7	3	25	
7	5	8	4	40	15	
8	6	9	5	4	73	40	77	
9	7	10	6	22	
10	8	11	7	51	104	
11	9	12	8	13	35	96	
12	10	13	9	15	
13	11	14	10	37	
14	12	15	11	10	104	93	92	
13	16	12	2	64	63	38	
16	17	13	23	6	63	11	18	
17	15	18	14	
18	16	19	15	54	125	114	58	
19	17	20	16	53	23	15	
20	18	21	17	23	
21	19	22	18	100	
22	20	23	19	87	100	
23	21	24	20	114	8	76	
24	22	25	21	15	18	19	
25	23	26	22	69	41	
26	24	27	23	5	71	92	
27	25	28	24	74	44	56	
28	26	29	25	37	
29	27	30	26	31	74	89	
30	28	31	27	107	91	95	
31	29	32	28	
32	30	33	29	28	
31	34	30	37	50	106	
34	35	31	36	
35	33	36	32	74	
36	34	37	33	10	
37	35	38	34	103	33	
38	36	39	35	94	12	101	32	98	27	
39	37	40	36	14	
40	38	41	37	80	
41	39	42	38	94	4	6	7	
42	40	43	39	24	
43	41	44	40	86	
44	42	45	41	
45	43	46	42	76	26	
44	47	43	112	51	49	
47	48	44	123	106	78	109	
48	46	49	45	96	117	
49	47	50	46	122	83	112	
50	48	51	47	45	53	86	4	
51	49	52	48	55	65	32	53	
52	50	53	49	9	94	45	
53	51	54	50	
54	52	55	51	18	56	49	50	
55	53	56	52	17	82	
56	54	57	53	69	104	68	50	74	70	66	
57	55	58	54	53	77	60	26	
58	56	59	55	118	
59	57	60	56	64	65	17	
60	58	61	57	118	65	
61	59	62	58	56	
62	60	63	59	87	65	
63	61	64	60	
64	62	65	61	15	14	
65	63	66	62	58	67	14	
66	64	67	63	58	59	61	76	50	
67	65	68	64	55	76	
68	66	69	65	64	122	
69	67	70	66	55	
70	68	71	67	24	55	72	
71	69	72	68	55	
72	70	73	69	25	3	
73	71	74	70	69	116	
74	72	75	71	7	87	76	
75	73	76	72	34	26	55	28	
76	74	77	73	104	
77	75	78	74	44	65	22	66	73	
78	76	79	75	109	56	7	
79	77	80	76	107	109	46	97	91	
80	78	81	77	93	91	84	
81	79	82	78	39	84	
82	80	83	79	
83	81	84	80	54	
84	82	85	81	48	87	
85	83	86	82	80	79	
86	84	87	83	
87	85	88	84	42	49	
88	86	85	21	61	73	83	
89	87	90	86	92	91	
90	88	91	28	
91	89	92	88	2	1	
92	90	93	89	29	88	79	95	78	
93	91	94	90	88	95	25	114	13	
94	92	95	91	79	13	
95	93	96	92	40	37	51	107	
96	94	97	93	92	29	91	
97	95	98	94	111	47	10	123	126	
98	96	99	95	78	
99	97	100	96	116	37	
100	98	101	97	102	
101	99	102	98	110	20	21	
102	100	103	99	104	106	37	
103	101	104	100	105	99	127	
104	102	105	101	36	
105	103	106	102	101	13	75	55	9	
106	104	107	103	102	
107	105	108	104	109	46	101	111	32	
108	106	109	105	78	29	94	
107	110	106	126	
111	107	113	106	78	77	46	127	
111	112	108	100	
112	110	113	109	96	106	
113	111	110	45	48	
114	112	115	111	109	
115	113	116	17	22	92	
116	114	117	113	
117	115	118	114	98	72	
118	116	119	115	47	
119	117	120	116	59	57	
120	118	121	117	
121	119	122	118	
122	120	123	119	
123	121	124	120	48	67	
124	122	125	121	46	126	96	
125	123	126	122	
126	124	127	123	17	
125	124	123	96	108	
1	125	102	109	
128	645

2	127	4	90	
3	1	4	90	14	
4	2	5	71	
5	3	6	2	7	40	1	49	
6	4	7	3	25	
7	5	8	4	40	15	
8	6	9	5	4	73	40	77	
9	7	10	6	22	
10	8	11	7	51	104	
11	9	12	8	13	35	96	
12	10	13	9	15	
13	11	14	10	37	
14	12	15	11	10	104	93	92	
13	16	12	2	64	63	38	
16	17	13	23	6	63	11	18	
17	15	18	14	
18	16	19	15	54	125	114	58	
19	17	20	16	53	23	15	
20	18	21	17	23	
21	19	22	18	100	
22	20	23	19	87	100	
23	21	24	20	114	8	76	
24	22	25	21	15	18	19	
25	23	26	22	69	41	
26	24	27	23	5	71	92	
27	25	28	24	74	44	56	
28	26	29	25	37	
29	27	30	26	31	74	89	
30	28	31	27	107	91	95	
31	29	32	28	
32	30	33	29	28	
31	34	30	37	50	106	
34	35	31	36	
35	33	36	32	74	
36	34	37	33	10	
37	35	38	34	103	33	
38	36	39	35	94	12	101	32	98	27	
39	37	40	36	14	
40	38	41	37	80	
41	39	42	38	94	4	6	7	
42	40	43	39	24	
43	41	44	40	86	
44	42	45	41	
45	43	46	42	76	26	
44	47	43	112	51	49	
47	48	44	123	106	78	109	
48	46	49	45	96	117	
49	47	50	46	122	83	112	
50	48	51	47	45	53	86	4	
51	49	52	48	55	65	32	53	
52	50	53	49	9	94	45	
53	51	54	50	
54	52	55	51	18	56	49	50	
55	53	56	52	17	82	
56	54	57	53	69	104	68	50	74	70	66	
57	55	58	54	53	77	60	26	
58	56	59	55	118	
59	57	60	56	64	65	17	
60	58	61	57	118	65	
61	59	62	58	56	
62	60	63	59	87	65	
63	61	64	60	
64	62	65	61	15	14	
65	63	66	62	58	67	14	
66	64	67	63	58	59	61	76	50	
67	65	68	64	55	76	
68	66	69	65	64	122	
69	67	70	66	55	
70	68	71	67	24	55	72	
71	69	72	68	55	
72	70	73	69	25	3	
73	71	74	70	69	116	
74	72	75	71	7	87	76	
75	73	76	72	34	26	55	28	
76	74	77	73	104	
77	75	78	74	44	65	22	66	73	
78	76	79	75	109	56	7	
79	77	80	76	107	109	46	97	91	
80	78	81	77	93	91	84	
81	79	82	78	39	84	
82	80	83	79	
83	81	84	80	54	
84	82	85	81	48	87	
85	83	86	82	80	79	
86	84	87	83	
87	85	88	84	42	49	
88	86	85	21	61	73	83	
89	87	90	86	92	91	
90	88	91	28	
91	89	92	88	2	1	
92	90	93	89	29	88	79	95	78	
93	91	94	90	88	95	25	114	13	
94	92	95	91	79	13	
95	93	96	92	40	37	51	107	
96	94	97	93	92	29	91	
97	95	98	94	111	47	10	123	126	
98	96	99	95	78	
99	97	100	96	116	37	
100	98	101	97	102	
101	99	102	98	110	20	21	
102	100	103	99	104	106	37	
103	101	104	100	105	99	127	
104	102	105	101	36	
105	103	106	102	101	13	75	55	9	
106	104	107	103	102	
107	105	108	104	109	46	101	111	32	
108	106	109	105	78	29	94	
107	110	106	126	
111	107	113	106	78	77	46	127	
111	112	108	100	
112	110	113	109	96	106	
113	111	110	45	48	
114	112	115	111	109	
115	113	116	17	22	92	
116	114	117	113	
117	115	118	114	98	72	
118	116	119	115	47	
119	117	120	116	59	57	
120	118	121	117	
121	119	122	118	
122	120	123	119	
123	121	124	120	48	67	
124	122	125	121	46	126	96	
125	123	126	122	
126	124	127	123	17	
125	124	123	96	108	
1	125	102	109	
