128	649

2	3	127	98	
3	1	4	11	109	52	
4	2	5	1	79	7	
5	3	6	2	101	97	75	
6	4	7	3	99	125	
7	5	8	4	9	
8	6	9	5	106	41	46	3	44	
9	7	10	6	53	108	109	124	
10	8	11	7	120	125	6	59	12	53	
11	9	12	8	53	36	62	
12	10	13	9	37	125	2	86	
13	11	14	10	9	69	
14	12	11	16	122	
15	13	16	12	122	77	
16	14	17	87	117	56	
17	15	18	14	13	20	53	
18	16	19	15	120	119	85	
19	17	20	16	
20	18	21	17	30	24	75	25	
19	22	18	112	16	
22	23	19	120	
23	21	24	20	62	106	
24	22	25	21	27	
25	23	26	22	88	19	115	
26	24	27	23	109	19	
27	25	28	24	72	
28	26	29	25	23	
29	27	30	26	
30	28	31	27	98	94	116	41	70	
31	29	32	28	42	19	
32	30	33	29	66	38	
33	31	34	30	42	
34	32	35	31	
35	33	36	32	58	
36	34	37	33	93	
35	38	34	10	71	66	
38	39	35	11	72	41	
39	37	40	36	53	86	118	66	31	
40	38	41	37	125	
41	39	42	38	43	50	108	51	
42	40	43	39	37	7	51	29	
43	41	44	40	30	32	
44	42	45	41	46	40	54	
45	43	46	42	67	7	
44	47	43	90	67	
47	48	44	43	7	
48	46	49	45	100	58	51	
49	47	50	46	75	53	94	
50	48	51	47	
51	49	52	48	40	53	122	
52	50	53	49	41	40	47	
53	51	54	50	98	69	2	
54	52	55	51	10	38	8	50	9	48	16	
55	53	56	52	107	43	
56	54	57	53	
57	55	58	54	65	15	68	
58	56	59	55	121	
59	57	60	56	62	34	104	47	
60	58	61	57	76	9	
61	59	62	58	70	
62	60	63	59	65	
63	61	64	60	58	22	10	
64	62	65	61	124	120	
65	63	66	62	74	
66	64	63	56	61	126	120	
67	65	68	64	73	38	36	31	
68	66	69	44	45	93	125	
69	67	66	71	56	
70	68	71	67	52	12	
71	69	72	87	119	60	29	
70	73	69	68	36	79	125	
73	74	70	26	37	75	
74	72	71	66	75	95	
75	73	76	72	64	
76	74	77	48	72	73	19	4	
77	75	78	74	79	59	80	
78	76	79	75	14	
79	77	80	76	81	126	
80	78	81	77	76	3	71	94	
81	79	82	78	76	
82	80	83	79	78	92	84	126	
83	81	84	80	
84	82	85	81	
85	83	86	82	126	81	92	87	
86	84	87	83	17	
87	85	88	84	38	11	
88	86	89	85	70	15	109	84	
89	87	90	86	24	115	
90	88	91	87	
91	89	92	88	45	110	
92	90	93	89	121	
93	91	94	90	81	84	
94	92	95	91	109	67	35	
95	93	96	92	29	97	79	48	
96	94	97	93	103	73	
97	95	98	94	
98	96	99	95	106	94	4	115	
99	97	100	96	29	1	52	101	
100	98	101	97	5	
101	99	102	98	47	
102	100	103	99	98	4	
103	101	104	100	
104	102	105	101	95	
105	103	106	102	58	120	
106	104	107	103	
107	105	108	104	7	97	110	22	
108	106	109	105	54	
109	107	110	106	8	40	
110	108	111	107	25	93	87	8	2	
111	109	112	108	113	90	106	114	
112	110	113	109	
113	111	114	110	116	20	119	
114	112	115	111	110	
115	113	116	112	110	
116	114	117	113	97	88	24	
117	115	118	114	112	29	
118	116	119	115	15	
119	117	120	116	38	121	
120	118	121	117	17	70	112	
121	119	122	118	9	17	104	63	65	21	
122	120	123	119	91	57	118	
123	121	124	120	14	13	50	
124	122	125	121	
125	123	126	122	63	8	
124	127	123	39	11	9	67	71	5	
127	124	84	65	81	78	
126	1	125	
128	649

2	3	127	98	
3	1	4	11	109	52	
4	2	5	1	79	7	
5	3	6	2	101	97	75	
6	4	7	3	99	125	
7	5	8	4	9	
8	6	9	5	106	41	46	3	44	
9	7	10	6	53	108	109	124	
10	8	11	7	120	125	6	59	12	53	
11	9	12	8	53	36	62	
12	10	13	9	37	125	2	86	
13	11	14	10	9	69	
14	12	11	16	122	
15	13	16	12	122	77	
16	14	17	87	117	56	
17	15	18	14	13	20	53	
18	16	19	15	120	119	85	
19	17	20	16	
20	18	21	17	30	24	75	25	
19	22	18	112	16	
22	23	19	120	
23	21	24	20	62	106	
24	22	25	21	27	
25	23	26	22	88	19	115	
26	24	27	23	109	19	
27	25	28	24	72	
28	26	29	25	23	
29	27	30	26	
30	28	31	27	98	94	116	41	70	
31	29	32	28	42	19	
32	30	33	29	66	38	
33	31	34	30	42	
34	32	35	31	
35	33	36	32	58	
36	34	37	33	93	
35	38	34	10	71	66	
38	39	35	11	72	41	
39	37	40	36	53	86	118	66	31	
40	38	41	37	125	
41	39	42	38	43	50	108	51	
42	40	43	39	37	7	51	29	
43	41	44	40	30	32	
44	42	45	41	46	40	54	
45	43	46	42	67	7	
44	47	43	90	67	
47	48	44	43	7	
48	46	49	45	100	58	51	
49	47	50	46	75	53	94	
50	48	51	47	
51	49	52	48	40	53	122	
52	50	53	49	41	40	47	
53	51	54	50	98	69	2	
54	52	55	51	10	38	8	50	9	48	16	
55	53	56	52	107	43	
56	54	57	53	
57	55	58	54	65	15	68	
58	56	59	55	121	
59	57	60	56	62	34	104	47	
60	58	61	57	76	9	
61	59	62	58	70	
62	60	63	59	65	
63	61	64	60	58	22	10	
64	62	65	61	124	120	
65	63	66	62	74	
66	64	63	56	61	126	120	
67	65	68	64	73	38	36	31	
68	66	69	44	45	93	125	
69	67	66	71	56	
70	68	71	67	52	12	
71	69	72	87	119	60	29	
70	73	69	68	36	79	125	
73	74	70	26	37	75	
74	72	71	66	75	95	
75	73	76	72	64	
76	74	77	48	72	73	19	4	
77	75	78	74	79	59	80	
78	76	79	75	14	
79	77	80	76	81	126	
80	78	81	77	76	3	71	94	
81	79	82	78	76	
82	80	83	79	78	92	84	126	
83	81	84	80	
84	82	85	81	
85	83	86	82	126	81	92	87	
86	84	87	83	17	
87	85	88	84	38	11	
88	86	89	85	70	15	109	84	
89	87	90	86	24	115	
90	88	91	87	
91	89	92	88	45	110	
92	90	93	89	121	
93	91	94	90	81	84	
94	92	95	91	109	67	35	
95	93	96	92	29	97	79	48	
96	94	97	93	103	73	
97	95	98	94	
98	96	99	95	106	94	4	115	
99	97	100	96	29	1	52	101	
100	98	101	97	5	
101	99	102	98	47	
102	100	103	99	98	4	
103	101	104	100	
104	102	105	101	95	
105	103	106	102	58	120	
106	104	107	103	
107	105	108	104	7	97	110	22	
108	106	109	105	54	
109	107	110	106	8	40	
110	108	111	107	25	93	87	8	2	
111	109	112	108	113	90	106	114	
112	110	113	109	
113	111	114	110	116	20	119	
114	112	115	111	110	
115	113	116	112	110	
116	114	117	113	97	88	24	
117	115	118	114	112	29	
118	116	119	115	15	
119	117	120	116	38	121	
120	118	121	117	17	70	112	
121	119	122	118	9	17	104	63	65	21	
122	120	123	119	91	57	118	
123	121	124	120	14	13	50	
124	122	125	121	
125	123	126	122	63	8	
124	127	123	39	11	9	67	71	5	
127	124	84	65	81	78	
126	1	125	
