128	652

2	3	127	4	57	66	
3	1	4	94	119	88	9	
4	2	5	1	
5	3	6	2	49	16	1	8	7	48	32	14	
6	4	7	3	83	80	36	
7	5	8	4	
8	6	9	5	4	66	
9	7	10	6	87	4	27	98	11	107	
10	8	11	7	119	112	2	
11	9	12	8	98	83	84	110	27	
12	10	13	9	55	8	
13	11	14	10	
14	12	15	11	48	112	
15	13	16	12	115	100	102	68	4	
16	14	17	13	125	78	35	36	103	46	
17	15	18	14	4	22	25	
18	16	19	15	119	32	
19	17	20	16	106	48	49	
20	18	21	17	126	81	
21	19	22	18	28	73	35	117	
22	20	23	19	52	124	122	
23	21	24	20	16	25	116	
24	22	25	21	122	
25	23	26	22	92	
26	24	27	23	55	22	16	
27	25	28	24	118	66	
28	26	29	25	8	89	10	
29	27	30	26	20	55	90	126	
30	28	31	27	89	
31	29	32	28	52	
32	30	33	29	107	48	
33	31	34	30	36	4	17	
34	32	35	31	
35	33	36	32	109	75	37	66	71	
36	34	37	33	20	15	
37	35	38	34	32	103	84	40	15	91	5	110	
38	36	39	35	34	
39	37	40	36	41	127	110	
40	38	41	37	69	50	42	
41	39	42	38	36	
42	40	43	39	38	103	
43	41	44	40	39	
44	42	45	41	
45	43	46	42	122	114	65	96	57	
46	44	47	43	81	48	
47	45	48	44	50	15	56	
48	46	49	45	
49	47	50	46	13	45	18	4	31	
50	48	51	47	66	4	18	
51	49	52	48	46	39	
52	50	53	49	69	117	
53	51	54	50	55	30	21	104	
54	52	55	51	
55	53	56	52	82	
56	54	57	53	52	25	28	11	
57	55	58	54	74	46	
58	56	59	55	127	1	44	
59	57	60	56	
60	58	61	57	
61	59	62	58	
62	60	63	59	78	
63	61	64	60	126	
64	62	65	61	82	67	
65	63	66	62	
66	64	67	63	44	
67	65	68	64	49	34	1	7	26	
68	66	69	65	63	71	
69	67	70	66	99	14	
70	68	71	67	81	51	39	
71	69	72	68	94	86	
72	70	73	69	75	67	34	
73	71	70	119	
74	72	75	71	20	88	96	
75	73	76	86	56	
76	74	77	73	79	34	71	
77	75	78	74	111	
78	76	79	75	
79	77	80	76	15	61	
80	78	81	77	75	104	92	
81	79	82	78	5	
80	83	79	45	69	19	
83	84	80	54	86	63	
84	82	85	81	5	10	96	
85	83	86	82	36	10	
86	84	87	83	111	
87	85	88	84	89	82	74	70	
88	86	89	85	8	101	111	126	
89	87	90	86	122	73	2	
90	88	91	87	86	27	29	
91	89	92	88	93	28	102	
92	90	93	89	36	
93	91	94	90	24	79	
94	92	95	91	96	90	
95	93	96	92	2	70	
96	94	97	93	
97	95	98	94	93	99	73	44	83	
98	96	99	95	
99	97	100	96	10	116	8	108	
100	98	101	97	96	68	
101	99	102	98	14	
102	100	103	99	87	
103	101	104	100	14	90	
104	102	105	101	36	41	107	15	
105	103	106	102	119	79	52	
106	104	107	103	
107	105	108	104	18	
108	106	109	105	31	103	8	
109	107	110	106	98	
110	108	111	107	34	
111	109	112	108	38	113	36	10	
112	110	113	109	85	76	87	
113	111	114	110	9	13	
114	112	115	111	110	123	
115	113	116	112	44	
116	114	117	113	14	118	
117	115	118	114	98	22	
118	116	119	115	51	20	
119	117	120	116	123	115	26	
118	121	117	17	104	2	9	72	
121	122	118	
122	120	123	119	
123	121	124	120	44	88	21	23	
124	122	125	121	118	113	
125	123	126	122	21	
126	124	127	123	15	
127	125	124	19	62	28	87	
126	1	125	57	38	
128	652

2	3	127	4	57	66	
3	1	4	94	119	88	9	
4	2	5	1	
5	3	6	2	49	16	1	8	7	48	32	14	
6	4	7	3	83	80	36	
7	5	8	4	
8	6	9	5	4	66	
9	7	10	6	87	4	27	98	11	107	
10	8	11	7	119	112	2	
11	9	12	8	98	83	84	110	27	
12	10	13	9	55	8	
13	11	14	10	
14	12	15	11	48	112	
15	13	16	12	115	100	102	68	4	
16	14	17	13	125	78	35	36	103	46	
17	15	18	14	4	22	25	
18	16	19	15	119	32	
19	17	20	16	106	48	49	
20	18	21	17	126	81	
21	19	22	18	28	73	35	117	
22	20	23	19	52	124	122	
23	21	24	20	16	25	116	
24	22	25	21	122	
25	23	26	22	92	
26	24	27	23	55	22	16	
27	25	28	24	118	66	
28	26	29	25	8	89	10	
29	27	30	26	20	55	90	126	
30	28	31	27	89	
31	29	32	28	52	
32	30	33	29	107	48	
33	31	34	30	36	4	17	
34	32	35	31	
35	33	36	32	109	75	37	66	71	
36	34	37	33	20	15	
37	35	38	34	32	103	84	40	15	91	5	110	
38	36	39	35	34	
39	37	40	36	41	127	110	
40	38	41	37	69	50	42	
41	39	42	38	36	
42	40	43	39	38	103	
43	41	44	40	39	
44	42	45	41	
45	43	46	42	122	114	65	96	57	
46	44	47	43	81	48	
47	45	48	44	50	15	56	
48	46	49	45	
49	47	50	46	13	45	18	4	31	
50	48	51	47	66	4	18	
51	49	52	48	46	39	
52	50	53	49	69	117	
53	51	54	50	55	30	21	104	
54	52	55	51	
55	53	56	52	82	
56	54	57	53	52	25	28	11	
57	55	58	54	74	46	
58	56	59	55	127	1	44	
59	57	60	56	
60	58	61	57	
61	59	62	58	
62	60	63	59	78	
63	61	64	60	126	
64	62	65	61	82	67	
65	63	66	62	
66	64	67	63	44	
67	65	68	64	49	34	1	7	26	
68	66	69	65	63	71	
69	67	70	66	99	14	
70	68	71	67	81	51	39	
71	69	72	68	94	86	
72	70	73	69	75	67	34	
73	71	70	119	
74	72	75	71	20	88	96	
75	73	76	86	56	
76	74	77	73	79	34	71	
77	75	78	74	111	
78	76	79	75	
79	77	80	76	15	61	
80	78	81	77	75	104	92	
81	79	82	78	5	
80	83	79	45	69	19	
83	84	80	54	86	63	
84	82	85	81	5	10	96	
85	83	86	82	36	10	
86	84	87	83	111	
87	85	88	84	89	82	74	70	
88	86	89	85	8	101	111	126	
89	87	90	86	122	73	2	
90	88	91	87	86	27	29	
91	89	92	88	93	28	102	
92	90	93	89	36	
93	91	94	90	24	79	
94	92	95	91	96	90	
95	93	96	92	2	70	
96	94	97	93	
97	95	98	94	93	99	73	44	83	
98	96	99	95	
99	97	100	96	10	116	8	108	
100	98	101	97	96	68	
101	99	102	98	14	
102	100	103	99	87	
103	101	104	100	14	90	
104	102	105	101	36	41	107	15	
105	103	106	102	119	79	52	
106	104	107	103	
107	105	108	104	18	
108	106	109	105	31	103	8	
109	107	110	106	98	
110	108	111	107	34	
111	109	112	108	38	113	36	10	
112	110	113	109	85	76	87	
113	111	114	110	9	13	
114	112	115	111	110	123	
115	113	116	112	44	
116	114	117	113	14	118	
117	115	118	114	98	22	
118	116	119	115	51	20	
119	117	120	116	123	115	26	
118	121	117	17	104	2	9	72	
121	122	118	
122	120	123	119	
123	121	124	120	44	88	21	23	
124	122	125	121	118	113	
125	123	126	122	21	
126	124	127	123	15	
127	125	124	19	62	28	87	
126	1	125	57	38	
