128	654

2	3	106	52	53	
3	1	4	38	
4	2	5	1	74	11	82	
5	3	6	2	79	61	
6	4	7	3	24	62	70	41	
7	5	4	118	
8	6	9	5	108	
9	7	113	44	12	
10	8	11	7	60	69	61	
11	9	12	43	107	
12	10	13	9	3	80	
13	11	14	10	70	16	8	68	
12	15	11	
15	16	12	17	46	47	
16	14	13	101	
17	15	18	14	111	12	
18	16	19	66	100	119	109	14	
19	17	20	16	
20	18	21	17	80	36	82	100	
21	19	22	18	75	
22	20	23	19	
23	21	24	20	78	76	
24	22	25	21	105	42	
25	23	26	22	5	
26	24	27	23	108	104	105	74	
27	25	28	24	63	99	
28	26	29	25	39	80	
29	27	30	26	76	89	33	
30	28	31	27	78	32	
31	29	32	28	
32	30	33	29	35	
33	31	34	30	29	
34	32	35	31	53	28	
35	33	36	32	37	
36	34	37	33	31	59	78	38	
37	35	38	34	19	113	79	82	81	55	
38	36	39	35	34	
39	37	40	36	116	35	2	50	
40	38	41	37	27	42	
41	39	42	38	73	94	71	95	
42	40	43	39	44	86	67	5	
43	41	44	40	39	45	23	
44	42	45	41	10	
45	43	46	42	41	115	113	81	8	
46	44	47	43	103	63	42	
47	45	48	44	97	104	14	
48	46	49	45	92	14	
49	47	50	46	87	120	114	
50	48	51	47	108	115	
51	49	52	48	63	38	
52	50	53	49	123	55	
53	51	54	50	106	1	
54	52	55	51	60	33	101	68	109	1	
55	53	56	52	
56	54	57	53	51	58	36	74	
57	55	58	54	103	74	
56	59	55	107	120	108	
59	60	56	55	109	61	114	103	
60	58	61	57	35	86	
61	59	62	58	53	9	100	
62	60	63	59	4	58	9	
63	61	64	60	5	87	69	
64	62	65	61	50	45	26	98	
65	63	66	62	70	69	
66	64	67	63	98	
67	65	68	64	17	85	
68	66	69	65	84	41	82	
69	67	70	66	53	12	
70	68	71	67	101	9	64	81	62	
71	69	72	68	12	5	64	
72	70	73	69	99	40	
73	71	74	70	127	
74	72	75	71	40	115	
75	73	76	72	3	95	120	25	56	55	
76	74	77	73	108	20	109	91	
77	75	78	74	28	22	109	
78	76	79	75	119	
79	77	80	76	22	35	29	81	93	
80	78	81	77	102	107	4	36	
81	79	82	78	19	11	27	
82	80	83	79	85	44	36	78	69	
83	81	84	80	85	19	36	67	3	
84	82	85	81	
85	83	86	82	67	
86	84	87	83	82	66	81	
87	85	88	84	41	59	
88	86	89	85	48	62	
89	87	90	86	117	
90	88	91	87	92	28	
91	89	92	88	105	
92	90	93	89	94	75	122	124	
93	91	94	90	47	89	
94	92	95	91	78	
95	93	96	92	100	110	91	40	115	
96	94	97	93	74	40	
97	95	98	94	
98	96	99	95	46	
99	97	100	96	65	63	
100	98	101	97	71	26	
99	102	98	94	17	60	119	19	
102	103	99	15	69	53	
103	101	104	100	79	
104	102	105	101	45	56	58	
105	103	106	102	25	46	
106	104	107	103	90	25	23	
107	105	108	104	52	1	
108	106	109	105	57	79	10	
107	110	106	75	25	7	57	49	
110	111	107	17	75	58	112	76	53	
111	109	112	108	116	94	
112	110	113	109	16	115	
113	111	110	116	109	
114	112	115	111	36	44	8	
115	113	116	58	48	
116	114	117	113	44	124	94	49	73	111	
117	115	118	114	110	38	112	
118	116	119	115	88	
119	117	120	116	6	
120	118	121	117	77	17	100	
121	119	118	74	57	48	
122	120	123	119	
123	121	124	91	
124	122	125	121	51	
125	123	126	122	115	91	
126	124	127	123	
127	125	124	
126	125	72	
128	654

2	3	106	52	53	
3	1	4	38	
4	2	5	1	74	11	82	
5	3	6	2	79	61	
6	4	7	3	24	62	70	41	
7	5	4	118	
8	6	9	5	108	
9	7	113	44	12	
10	8	11	7	60	69	61	
11	9	12	43	107	
12	10	13	9	3	80	
13	11	14	10	70	16	8	68	
12	15	11	
15	16	12	17	46	47	
16	14	13	101	
17	15	18	14	111	12	
18	16	19	66	100	119	109	14	
19	17	20	16	
20	18	21	17	80	36	82	100	
21	19	22	18	75	
22	20	23	19	
23	21	24	20	78	76	
24	22	25	21	105	42	
25	23	26	22	5	
26	24	27	23	108	104	105	74	
27	25	28	24	63	99	
28	26	29	25	39	80	
29	27	30	26	76	89	33	
30	28	31	27	78	32	
31	29	32	28	
32	30	33	29	35	
33	31	34	30	29	
34	32	35	31	53	28	
35	33	36	32	37	
36	34	37	33	31	59	78	38	
37	35	38	34	19	113	79	82	81	55	
38	36	39	35	34	
39	37	40	36	116	35	2	50	
40	38	41	37	27	42	
41	39	42	38	73	94	71	95	
42	40	43	39	44	86	67	5	
43	41	44	40	39	45	23	
44	42	45	41	10	
45	43	46	42	41	115	113	81	8	
46	44	47	43	103	63	42	
47	45	48	44	97	104	14	
48	46	49	45	92	14	
49	47	50	46	87	120	114	
50	48	51	47	108	115	
51	49	52	48	63	38	
52	50	53	49	123	55	
53	51	54	50	106	1	
54	52	55	51	60	33	101	68	109	1	
55	53	56	52	
56	54	57	53	51	58	36	74	
57	55	58	54	103	74	
56	59	55	107	120	108	
59	60	56	55	109	61	114	103	
60	58	61	57	35	86	
61	59	62	58	53	9	100	
62	60	63	59	4	58	9	
63	61	64	60	5	87	69	
64	62	65	61	50	45	26	98	
65	63	66	62	70	69	
66	64	67	63	98	
67	65	68	64	17	85	
68	66	69	65	84	41	82	
69	67	70	66	53	12	
70	68	71	67	101	9	64	81	62	
71	69	72	68	12	5	64	
72	70	73	69	99	40	
73	71	74	70	127	
74	72	75	71	40	115	
75	73	76	72	3	95	120	25	56	55	
76	74	77	73	108	20	109	91	
77	75	78	74	28	22	109	
78	76	79	75	119	
79	77	80	76	22	35	29	81	93	
80	78	81	77	102	107	4	36	
81	79	82	78	19	11	27	
82	80	83	79	85	44	36	78	69	
83	81	84	80	85	19	36	67	3	
84	82	85	81	
85	83	86	82	67	
86	84	87	83	82	66	81	
87	85	88	84	41	59	
88	86	89	85	48	62	
89	87	90	86	117	
90	88	91	87	92	28	
91	89	92	88	105	
92	90	93	89	94	75	122	124	
93	91	94	90	47	89	
94	92	95	91	78	
95	93	96	92	100	110	91	40	115	
96	94	97	93	74	40	
97	95	98	94	
98	96	99	95	46	
99	97	100	96	65	63	
100	98	101	97	71	26	
99	102	98	94	17	60	119	19	
102	103	99	15	69	53	
103	101	104	100	79	
104	102	105	101	45	56	58	
105	103	106	102	25	46	
106	104	107	103	90	25	23	
107	105	108	104	52	1	
108	106	109	105	57	79	10	
107	110	106	75	25	7	57	49	
110	111	107	17	75	58	112	76	53	
111	109	112	108	116	94	
112	110	113	109	16	115	
113	111	110	116	109	
114	112	115	111	36	44	8	
115	113	116	58	48	
116	114	117	113	44	124	94	49	73	111	
117	115	118	114	110	38	112	
118	116	119	115	88	
119	117	120	116	6	
120	118	121	117	77	17	100	
121	119	118	74	57	48	
122	120	123	119	
123	121	124	91	
124	122	125	121	51	
125	123	126	122	115	91	
126	124	127	123	
127	125	124	
126	125	72	
