128	689

2	3	127	5	123	
3	1	4	127	
4	2	5	1	47	29	117	45	74	
5	3	6	2	84	100	83	55	
6	4	7	3	56	52	1	124	50	10	73	
7	5	8	4	9	73	69	65	
8	6	9	5	64	77	
9	7	10	6	101	
10	8	11	7	124	6	96	84	120	16	121	
11	9	12	8	76	57	5	
12	10	13	9	77	108	
13	11	14	10	108	89	
12	15	11	110	37	14	
15	16	12	109	88	39	66	13	37	92	
16	14	17	13	18	
17	15	18	14	79	55	9	85	
18	16	19	15	67	
19	17	20	16	15	35	
20	18	21	17	65	22	
19	22	18	45	35	85	
22	23	19	56	28	98	109	65	59	46	79	
23	21	24	20	19	
24	22	25	21	108	31	
25	23	26	22	
26	24	27	23	36	
27	25	28	24	113	87	127	66	124	109	
28	26	29	25	73	94	78	
29	27	30	26	21	127	32	
30	28	31	27	74	3	33	
31	29	32	28	33	44	
32	30	33	29	23	
33	31	34	30	88	126	99	100	28	62	90	91	
34	32	35	31	30	29	96	
35	33	36	32	
36	34	37	33	20	18	
37	35	38	34	40	25	
38	36	39	35	13	14	
39	37	40	36	48	
40	38	41	37	14	119	
39	42	38	107	36	48	
42	43	39	76	98	
43	41	44	40	101	80	
44	42	45	41	75	51	76	104	
45	43	46	42	30	
46	44	47	43	20	104	3	102	
47	45	48	44	21	53	
48	46	49	45	3	106	104	
49	47	50	46	38	40	
50	48	51	47	52	89	
51	49	52	48	75	101	124	62	112	5	
52	50	53	49	43	116	67	
53	51	54	50	49	73	5	
54	52	55	51	60	57	46	111	
53	56	52	73	57	
56	57	53	72	111	4	16	127	83	
57	55	58	54	21	104	5	
58	56	59	55	95	10	53	54	
59	57	60	56	62	61	
60	58	61	57	90	21	110	
61	59	62	58	53	
62	60	63	59	58	78	
63	61	64	60	122	58	50	112	32	
64	62	65	61	
65	63	66	62	106	107	7	90	
66	64	67	63	69	21	68	19	6	70	
67	65	68	64	109	14	26	
68	66	69	65	17	126	51	
69	67	70	66	65	
70	68	71	67	65	6	95	
71	69	72	68	74	109	65	
72	70	73	69	121	98	79	
71	74	70	55	95	112	93	
74	75	71	27	54	52	100	6	5	
75	73	76	72	29	70	122	3	
76	74	77	73	43	50	113	
77	75	78	74	43	41	10	87	120	106	
78	76	79	75	11	120	104	112	7	
79	77	80	76	101	92	61	27	
80	78	81	77	16	121	21	71	
81	79	82	78	42	
82	80	83	79	
83	81	84	80	124	111	
84	82	81	4	55	
85	83	86	82	4	87	9	
86	84	87	20	16	
87	85	88	84	99	
88	86	89	85	26	76	84	115	
89	87	90	86	32	91	14	
90	88	91	87	49	121	12	
91	89	92	88	59	32	64	
92	90	93	89	88	94	32	
93	91	94	90	78	14	127	
94	92	95	91	72	
95	93	96	92	91	27	
96	94	97	93	57	72	117	112	69	
97	95	98	94	9	33	
98	96	99	95	117	
99	97	100	96	101	21	71	121	41	
100	98	101	97	86	32	
101	99	102	98	4	73	32	
102	100	103	99	98	50	78	42	119	8	
103	101	104	100	119	105	45	
104	102	105	101	119	
105	103	106	102	56	77	45	123	47	43	
106	104	107	103	102	108	
107	105	108	104	64	47	126	76	
108	106	109	105	40	64	
109	107	110	106	12	11	23	105	
108	111	107	14	66	21	70	26	
111	112	108	13	59	
112	110	113	109	55	82	124	53	
113	111	114	110	72	50	62	95	77	
114	112	115	111	26	75	
115	113	116	112	
116	114	117	113	87	
117	115	118	114	51	
118	116	119	115	3	95	97	
119	117	120	116	
120	118	121	117	102	103	101	39	
121	119	122	118	77	76	9	
122	120	123	119	71	89	98	79	9	
123	121	124	120	62	74	
124	122	125	121	104	1	
125	123	126	122	9	82	50	5	26	111	
126	124	127	123	
127	125	124	32	106	67	
126	1	125	26	28	2	55	92	
128	689

2	3	127	5	123	
3	1	4	127	
4	2	5	1	47	29	117	45	74	
5	3	6	2	84	100	83	55	
6	4	7	3	56	52	1	124	50	10	73	
7	5	8	4	9	73	69	65	
8	6	9	5	64	77	
9	7	10	6	101	
10	8	11	7	124	6	96	84	120	16	121	
11	9	12	8	76	57	5	
12	10	13	9	77	108	
13	11	14	10	108	89	
12	15	11	110	37	14	
15	16	12	109	88	39	66	13	37	92	
16	14	17	13	18	
17	15	18	14	79	55	9	85	
18	16	19	15	67	
19	17	20	16	15	35	
20	18	21	17	65	22	
19	22	18	45	35	85	
22	23	19	56	28	98	109	65	59	46	79	
23	21	24	20	19	
24	22	25	21	108	31	
25	23	26	22	
26	24	27	23	36	
27	25	28	24	113	87	127	66	124	109	
28	26	29	25	73	94	78	
29	27	30	26	21	127	32	
30	28	31	27	74	3	33	
31	29	32	28	33	44	
32	30	33	29	23	
33	31	34	30	88	126	99	100	28	62	90	91	
34	32	35	31	30	29	96	
35	33	36	32	
36	34	37	33	20	18	
37	35	38	34	40	25	
38	36	39	35	13	14	
39	37	40	36	48	
40	38	41	37	14	119	
39	42	38	107	36	48	
42	43	39	76	98	
43	41	44	40	101	80	
44	42	45	41	75	51	76	104	
45	43	46	42	30	
46	44	47	43	20	104	3	102	
47	45	48	44	21	53	
48	46	49	45	3	106	104	
49	47	50	46	38	40	
50	48	51	47	52	89	
51	49	52	48	75	101	124	62	112	5	
52	50	53	49	43	116	67	
53	51	54	50	49	73	5	
54	52	55	51	60	57	46	111	
53	56	52	73	57	
56	57	53	72	111	4	16	127	83	
57	55	58	54	21	104	5	
58	56	59	55	95	10	53	54	
59	57	60	56	62	61	
60	58	61	57	90	21	110	
61	59	62	58	53	
62	60	63	59	58	78	
63	61	64	60	122	58	50	112	32	
64	62	65	61	
65	63	66	62	106	107	7	90	
66	64	67	63	69	21	68	19	6	70	
67	65	68	64	109	14	26	
68	66	69	65	17	126	51	
69	67	70	66	65	
70	68	71	67	65	6	95	
71	69	72	68	74	109	65	
72	70	73	69	121	98	79	
71	74	70	55	95	112	93	
74	75	71	27	54	52	100	6	5	
75	73	76	72	29	70	122	3	
76	74	77	73	43	50	113	
77	75	78	74	43	41	10	87	120	106	
78	76	79	75	11	120	104	112	7	
79	77	80	76	101	92	61	27	
80	78	81	77	16	121	21	71	
81	79	82	78	42	
82	80	83	79	
83	81	84	80	124	111	
84	82	81	4	55	
85	83	86	82	4	87	9	
86	84	87	20	16	
87	85	88	84	99	
88	86	89	85	26	76	84	115	
89	87	90	86	32	91	14	
90	88	91	87	49	121	12	
91	89	92	88	59	32	64	
92	90	93	89	88	94	32	
93	91	94	90	78	14	127	
94	92	95	91	72	
95	93	96	92	91	27	
96	94	97	93	57	72	117	112	69	
97	95	98	94	9	33	
98	96	99	95	117	
99	97	100	96	101	21	71	121	41	
100	98	101	97	86	32	
101	99	102	98	4	73	32	
102	100	103	99	98	50	78	42	119	8	
103	101	104	100	119	105	45	
104	102	105	101	119	
105	103	106	102	56	77	45	123	47	43	
106	104	107	103	102	108	
107	105	108	104	64	47	126	76	
108	106	109	105	40	64	
109	107	110	106	12	11	23	105	
108	111	107	14	66	21	70	26	
111	112	108	13	59	
112	110	113	109	55	82	124	53	
113	111	114	110	72	50	62	95	77	
114	112	115	111	26	75	
115	113	116	112	
116	114	117	113	87	
117	115	118	114	51	
118	116	119	115	3	95	97	
119	117	120	116	
120	118	121	117	102	103	101	39	
121	119	122	118	77	76	9	
122	120	123	119	71	89	98	79	9	
123	121	124	120	62	74	
124	122	125	121	104	1	
125	123	126	122	9	82	50	5	26	111	
126	124	127	123	
127	125	124	32	106	67	
126	1	125	26	28	2	55	92	
