128	657

2	3	127	120	76	50	5	
3	1	4	122	105	
4	2	5	1	
5	3	6	2	
6	4	7	3	48	61	1	
7	5	8	4	68	
8	6	9	5	79	17	
9	7	10	6	
10	8	11	7	79	17	69	113	93	53	48	127	
9	12	8	
12	13	9	123	119	
13	11	14	10	
14	12	15	11	77	16	33	87	
15	13	16	12	57	
16	14	17	13	94	52	
17	15	18	14	13	
18	16	19	15	89	113	32	74	34	9	7	
19	17	20	16	39	62	78	72	103	
20	18	21	17	46	22	114	125	112	
21	19	22	18	62	70	
22	20	19	30	98	115	
23	21	24	20	97	19	54	
24	22	25	97	68	95	27	
25	23	26	22	54	
26	24	27	23	96	103	
27	25	28	24	117	
28	26	29	25	117	23	
29	27	30	26	32	
30	28	31	27	50	48	
31	29	32	28	121	21	50	
32	30	33	29	81	
33	31	34	30	85	17	28	
34	32	35	31	85	13	88	
35	33	32	17	108	
36	34	37	33	
37	35	38	49	
38	36	39	35	125	
37	40	36	110	69	
40	41	37	18	109	83	
41	39	42	38	43	
42	40	43	39	73	74	
43	41	44	40	100	
44	42	45	41	50	56	40	94	46	52	
45	43	46	42	58	
46	44	47	43	100	49	
47	45	48	44	19	123	43	
48	46	49	45	76	61	
49	47	50	46	71	29	5	112	61	9	76	
50	48	51	47	118	36	45	
51	49	52	48	29	43	30	1	
52	50	53	49	
53	51	54	50	116	15	87	43	113	77	
54	52	55	51	56	78	101	111	9	
55	53	56	52	24	22	75	
56	54	57	53	
57	55	58	54	43	53	
58	56	59	55	60	14	109	
59	57	60	56	94	81	91	44	62	
60	58	61	57	63	
61	59	62	58	57	
62	60	63	59	47	5	48	
63	61	64	60	20	18	58	
64	62	65	61	59	
65	63	66	62	67	92	
66	64	67	63	72	
67	65	68	64	108	69	
66	69	65	64	70	113	
69	70	66	92	93	101	23	6	72	
70	68	71	67	79	9	38	66	
71	69	72	68	67	20	
72	70	73	69	48	
73	71	74	70	68	65	18	
74	72	75	71	41	106	
75	73	76	72	41	17	
76	74	77	73	100	54	
77	75	78	74	47	89	1	48	
78	76	79	75	80	13	52	
79	77	80	76	18	114	123	53	
80	78	81	77	69	9	7	
81	79	82	78	77	113	122	111	
82	80	83	79	31	100	58	
83	81	84	80	85	
84	82	85	81	124	86	39	
85	83	86	82	
86	84	87	83	32	33	82	
87	85	88	84	83	121	92	96	
88	86	89	85	99	97	121	13	52	
89	87	90	86	33	
90	88	91	87	17	76	
91	89	92	88	
92	90	89	58	114	
93	91	94	90	68	86	64	105	
94	92	95	68	9	
95	93	96	92	58	15	43	
96	94	97	93	23	98	
97	95	94	25	86	103	
98	96	99	95	23	22	106	87	
99	97	100	21	95	
100	98	101	97	87	114	121	
101	99	102	98	75	81	45	42	
102	100	103	99	68	53	
103	101	104	100	
104	102	105	101	106	25	96	18	
105	103	106	102	
106	104	107	103	108	92	126	2	
107	105	108	104	103	73	97	
108	106	109	105	
109	107	110	106	66	105	34	
108	111	107	113	39	57	
111	112	108	38	119	
112	110	113	109	80	53	
113	111	114	110	48	19	
114	112	115	111	17	126	80	109	67	9	52	
115	113	116	112	78	99	19	91	
116	114	117	113	21	
117	115	118	114	52	119	
118	116	119	115	26	27	
119	117	120	116	49	
120	118	121	117	122	11	116	110	
121	119	122	118	1	
122	120	123	119	30	86	87	99	
123	121	124	120	119	80	2	
124	122	125	121	46	11	78	
125	123	126	122	83	
126	124	127	123	37	19	
127	125	124	113	105	
126	1	125	9	
128	657

2	3	127	120	76	50	5	
3	1	4	122	105	
4	2	5	1	
5	3	6	2	
6	4	7	3	48	61	1	
7	5	8	4	68	
8	6	9	5	79	17	
9	7	10	6	
10	8	11	7	79	17	69	113	93	53	48	127	
9	12	8	
12	13	9	123	119	
13	11	14	10	
14	12	15	11	77	16	33	87	
15	13	16	12	57	
16	14	17	13	94	52	
17	15	18	14	13	
18	16	19	15	89	113	32	74	34	9	7	
19	17	20	16	39	62	78	72	103	
20	18	21	17	46	22	114	125	112	
21	19	22	18	62	70	
22	20	19	30	98	115	
23	21	24	20	97	19	54	
24	22	25	97	68	95	27	
25	23	26	22	54	
26	24	27	23	96	103	
27	25	28	24	117	
28	26	29	25	117	23	
29	27	30	26	32	
30	28	31	27	50	48	
31	29	32	28	121	21	50	
32	30	33	29	81	
33	31	34	30	85	17	28	
34	32	35	31	85	13	88	
35	33	32	17	108	
36	34	37	33	
37	35	38	49	
38	36	39	35	125	
37	40	36	110	69	
40	41	37	18	109	83	
41	39	42	38	43	
42	40	43	39	73	74	
43	41	44	40	100	
44	42	45	41	50	56	40	94	46	52	
45	43	46	42	58	
46	44	47	43	100	49	
47	45	48	44	19	123	43	
48	46	49	45	76	61	
49	47	50	46	71	29	5	112	61	9	76	
50	48	51	47	118	36	45	
51	49	52	48	29	43	30	1	
52	50	53	49	
53	51	54	50	116	15	87	43	113	77	
54	52	55	51	56	78	101	111	9	
55	53	56	52	24	22	75	
56	54	57	53	
57	55	58	54	43	53	
58	56	59	55	60	14	109	
59	57	60	56	94	81	91	44	62	
60	58	61	57	63	
61	59	62	58	57	
62	60	63	59	47	5	48	
63	61	64	60	20	18	58	
64	62	65	61	59	
65	63	66	62	67	92	
66	64	67	63	72	
67	65	68	64	108	69	
66	69	65	64	70	113	
69	70	66	92	93	101	23	6	72	
70	68	71	67	79	9	38	66	
71	69	72	68	67	20	
72	70	73	69	48	
73	71	74	70	68	65	18	
74	72	75	71	41	106	
75	73	76	72	41	17	
76	74	77	73	100	54	
77	75	78	74	47	89	1	48	
78	76	79	75	80	13	52	
79	77	80	76	18	114	123	53	
80	78	81	77	69	9	7	
81	79	82	78	77	113	122	111	
82	80	83	79	31	100	58	
83	81	84	80	85	
84	82	85	81	124	86	39	
85	83	86	82	
86	84	87	83	32	33	82	
87	85	88	84	83	121	92	96	
88	86	89	85	99	97	121	13	52	
89	87	90	86	33	
90	88	91	87	17	76	
91	89	92	88	
92	90	89	58	114	
93	91	94	90	68	86	64	105	
94	92	95	68	9	
95	93	96	92	58	15	43	
96	94	97	93	23	98	
97	95	94	25	86	103	
98	96	99	95	23	22	106	87	
99	97	100	21	95	
100	98	101	97	87	114	121	
101	99	102	98	75	81	45	42	
102	100	103	99	68	53	
103	101	104	100	
104	102	105	101	106	25	96	18	
105	103	106	102	
106	104	107	103	108	92	126	2	
107	105	108	104	103	73	97	
108	106	109	105	
109	107	110	106	66	105	34	
108	111	107	113	39	57	
111	112	108	38	119	
112	110	113	109	80	53	
113	111	114	110	48	19	
114	112	115	111	17	126	80	109	67	9	52	
115	113	116	112	78	99	19	91	
116	114	117	113	21	
117	115	118	114	52	119	
118	116	119	115	26	27	
119	117	120	116	49	
120	118	121	117	122	11	116	110	
121	119	122	118	1	
122	120	123	119	30	86	87	99	
123	121	124	120	119	80	2	
124	122	125	121	46	11	78	
125	123	126	122	83	
126	124	127	123	37	19	
127	125	124	113	105	
126	1	125	9	
