128	661

2	3	127	
3	1	4	27	5	108	47	56	
4	2	5	1	117	19	6	
5	3	6	2	74	113	114	109	56	99	
6	4	7	3	96	2	
7	5	8	4	10	42	112	3	
8	6	9	5	111	113	95	77	
9	7	10	6	11	
10	8	11	7	
11	9	12	8	6	37	13	
12	10	13	9	8	
13	11	14	10	90	60	
14	12	15	11	17	63	10	
15	13	16	12	34	22	32	
14	17	13	84	32	45	
17	18	14	27	43	34	111	75	
18	16	19	15	81	13	36	
19	17	20	16	
20	18	21	17	40	3	
21	19	22	18	120	58	
22	20	23	19	
23	21	24	20	113	73	14	
24	22	25	21	
25	23	26	22	84	
26	24	27	23	125	57	52	58	
27	25	28	24	106	29	62	
28	26	29	25	16	2	30	
29	27	30	26	121	31	123	
30	28	31	27	75	26	
31	29	32	28	27	125	93	90	
32	30	33	29	28	104	105	
33	31	30	119	92	15	14	
34	32	35	31	
35	33	36	14	16	
36	34	37	33	111	
37	35	38	34	40	100	107	17	
38	36	39	35	61	10	77	
39	37	40	36	124	75	60	103	51	
40	38	41	37	63	
41	39	42	38	19	36	
40	43	39	121	64	115	65	
43	44	40	6	
44	42	45	41	16	96	
45	43	46	42	66	122	
46	44	47	43	48	15	
47	45	48	44	98	79	49	
48	46	49	45	2	
49	47	50	46	45	120	
50	48	51	47	75	77	53	46	58	
49	52	48	74	51	73	106	
52	53	49	50	38	90	
53	51	54	50	85	100	108	79	25	
54	52	51	49	
55	53	56	52	74	73	
56	54	57	74	
57	55	58	54	59	70	4	100	2	119	
58	56	59	55	25	
59	57	60	56	85	20	25	49	
60	58	61	57	56	
61	59	62	58	12	38	
62	60	63	59	37	
63	61	64	60	65	26	111	
64	62	65	61	66	39	13	113	
65	63	66	62	41	89	
66	64	67	63	62	41	
67	65	68	64	44	63	
68	66	69	65	
69	67	70	66	125	124	
70	68	71	67	72	
71	69	72	68	56	
72	70	73	69	74	77	
73	71	74	70	69	
74	72	75	71	22	50	105	54	
75	73	76	72	4	118	50	54	71	55	
76	74	77	73	78	29	79	49	38	16	
77	75	78	74	120	121	79	
78	76	79	75	71	49	37	82	7	
79	77	80	76	75	
80	78	81	77	46	76	75	52	
79	82	78	111	81	
82	83	79	17	84	80	
83	81	84	80	105	77	
84	82	85	81	121	123	
85	83	86	82	15	81	24	105	
86	84	87	83	52	58	
87	85	88	84	
88	86	89	85	90	
89	87	90	86	99	
90	88	91	87	64	94	95	105	
91	89	92	88	99	12	87	30	51	
92	90	93	89	
93	91	94	90	99	32	101	
94	92	95	91	99	116	101	30	
95	93	96	92	89	
96	94	97	93	7	89	
97	95	98	94	5	43	
98	96	99	95	122	
99	97	100	96	46	124	
100	98	101	97	92	90	93	103	4	88	
101	99	102	98	52	36	104	56	
102	100	103	99	104	92	93	
103	101	104	100	
104	102	105	101	99	38	
105	103	106	102	101	31	100	
106	104	107	103	73	82	31	84	89	
107	105	108	104	26	50	
108	106	109	105	111	36	
109	107	110	106	112	2	52	
110	108	111	107	4	
111	109	112	108	117	
112	110	113	109	7	35	107	16	80	62	
113	111	114	110	108	6	116	
114	112	115	111	22	7	4	63	
115	113	116	112	4	
116	114	117	113	41	
117	115	118	114	93	112	
118	116	119	115	110	3	
119	117	120	116	74	
120	118	121	117	32	56	
121	119	122	118	76	20	48	125	
122	120	123	119	28	41	76	83	
123	121	124	120	125	97	44	
124	122	125	121	83	28	
125	123	126	122	38	68	98	
126	124	127	123	122	25	30	68	120	
127	125	124	
126	1	125	
