128	663

2	3	127	
3	1	4	80	118	110	
4	2	5	1	82	48	50	10	
5	3	6	2	
6	4	7	3	
7	5	8	4	29	27	41	
8	6	9	5	53	115	102	
9	7	10	6	12	
10	8	11	7	22	12	49	127	
11	9	12	8	65	125	84	3	
12	10	13	9	125	111	97	74	113	
13	11	14	10	9	91	74	8	
14	12	15	11	81	56	27	52	
15	13	16	12	
16	14	17	13	27	98	
17	15	14	39	65	
18	16	19	15	
19	17	20	24	103	99	33	
20	18	21	17	
21	19	22	18	97	
22	20	23	19	61	97	98	
23	21	24	20	9	65	97	
24	22	25	21	72	99	96	
25	23	26	22	18	55	107	
26	24	27	23	59	72	
27	25	28	24	44	103	
28	26	29	25	90	33	15	13	6	91	
27	30	26	118	42	31	39	101	100	41	
30	31	27	93	6	38	114	33	58	
31	29	28	121	104	38	
32	30	33	29	28	93	61	91	
31	34	96	91	116	124	52	
34	35	31	27	18	97	61	29	
35	33	36	32	42	37	
36	34	37	33	38	
37	35	38	34	80	
38	36	39	35	91	34	49	
37	40	36	35	77	29	30	99	
40	41	37	94	74	16	28	69	
41	39	42	38	
42	40	43	39	93	6	28	
43	41	44	40	109	28	34	108	110	
44	42	45	41	
45	43	46	42	26	69	
46	44	47	43	49	
47	45	44	55	115	
48	46	49	45	71	
49	47	50	84	3	108	
50	48	51	47	45	9	37	117	
51	49	52	48	125	118	3	
52	50	53	49	80	69	
53	51	54	50	32	13	102	
54	52	55	51	56	7	
55	53	56	52	86	
56	54	57	53	86	24	46	
57	55	58	54	53	59	13	
58	56	59	55	
59	57	60	56	29	
60	58	61	57	62	56	25	119	
61	59	62	58	
62	60	63	59	21	33	91	31	
63	61	64	60	93	59	
64	62	65	61	100	
65	63	66	62	67	68	69	
66	64	67	63	10	22	16	
67	65	68	64	
68	66	69	65	64	100	
69	67	70	66	64	
70	68	71	67	44	94	64	51	39	
69	72	68	94	122	73	
72	73	69	75	47	
73	71	74	70	23	75	25	
74	72	75	71	70	105	
75	73	76	72	39	12	11	
76	74	77	73	71	72	
77	75	78	74	
78	76	79	75	38	106	
79	77	80	76	
80	78	81	77	
81	79	82	78	2	51	98	36	
82	80	83	79	13	
83	81	84	80	3	119	88	
84	82	85	81	109	
85	83	86	82	87	48	10	
86	84	87	83	89	
87	85	88	84	55	90	54	108	124	
88	86	89	85	84	
89	87	90	86	82	
90	88	91	87	120	85	105	
91	89	92	88	86	27	94	
92	90	93	89	37	12	32	27	61	31	
93	91	94	90	95	
94	92	95	91	29	62	41	31	
95	93	96	92	70	39	69	90	
96	94	97	93	92	
97	95	98	94	32	23	
98	96	99	95	22	20	11	21	33	
99	97	100	96	80	15	21	
100	98	101	97	18	23	38	
101	99	102	98	106	107	67	28	63	
102	100	103	99	104	28	
103	101	104	100	52	7	
104	102	105	101	18	111	26	
105	103	106	102	118	101	30	108	
106	104	107	103	108	89	112	73	
107	105	108	104	100	77	
108	106	109	105	100	24	110	
109	107	110	106	105	42	104	86	48	
110	108	111	107	42	83	
111	109	112	108	116	2	42	119	107	
112	110	113	109	11	122	103	
113	111	114	110	122	105	
114	112	115	111	11	
115	113	116	112	29	
116	114	117	113	7	46	
117	115	118	114	127	110	32	123	
118	116	119	115	49	
119	117	120	116	28	104	2	50	
120	118	121	117	110	82	59	
121	119	122	118	89	123	
122	120	123	119	124	30	
123	121	124	120	70	111	112	
124	122	125	121	120	116	
125	123	126	122	121	32	86	
126	124	127	123	11	50	10	
127	125	124	
126	1	125	116	9	
