128	645

2	127	4	90	
3	1	4	90	14	
4	2	5	71	
5	3	6	2	7	40	1	49	
6	4	7	3	25	
7	5	8	4	40	15	
8	6	9	5	4	73	40	77	
9	7	10	6	22	
10	8	11	7	51	104	
11	9	12	8	13	35	96	
12	10	13	9	15	
13	11	14	10	37	
14	12	15	11	10	104	93	92	
13	16	12	2	64	63	38	
16	17	13	23	6	63	11	18	
17	15	18	14	
18	16	19	15	54	125	114	58	
19	17	20	16	53	23	15	
20	18	21	17	23	
21	19	22	18	100	
22	20	23	19	87	100	
23	21	24	20	114	8	76	
24	22	25	21	15	18	19	
25	23	26	22	69	41	
26	24	27	23	5	71	92	
27	25	28	24	74	44	56	
28	26	29	25	37	
29	27	30	26	31	74	89	
30	28	31	27	107	91	95	
31	29	32	28	
32	30	33	29	28	
31	34	30	37	50	106	
34	35	31	36	
35	33	36	32	74	
36	34	37	33	10	
37	35	38	34	103	33	
38	36	39	35	94	12	101	32	98	27	
39	37	40	36	14	
40	38	41	37	80	
41	39	42	38	94	4	6	7	
42	40	43	39	24	
43	41	44	40	86	
44	42	45	41	
45	43	46	42	76	26	
44	47	43	112	51	49	
47	48	44	123	106	78	109	
48	46	49	45	96	117	
49	47	50	46	122	83	112	
50	48	51	47	45	53	86	4	
51	49	52	48	55	65	32	53	
52	50	53	49	9	94	45	
53	51	54	50	
54	52	55	51	18	56	49	50	
55	53	56	52	17	82	
56	54	57	53	69	104	68	50	74	70	66	
57	55	58	54	53	77	60	26	
58	56	59	55	118	
59	57	60	56	64	65	17	
60	58	61	57	118	65	
61	59	62	58	56	
62	60	63	59	87	65	
63	61	64	60	
64	62	65	61	15	14	
65	63	66	62	58	67	14	
66	64	67	63	58	59	61	76	50	
67	65	68	64	55	76	
68	66	69	65	64	122	
69	67	70	66	55	
70	68	71	67	24	55	72	
71	69	72	68	55	
72	70	73	69	25	3	
73	71	74	70	69	116	
74	72	75	71	7	87	76	
75	73	76	72	34	26	55	28	
76	74	77	73	104	
77	75	78	74	44	65	22	66	73	
78	76	79	75	109	56	7	
79	77	80	76	107	109	46	97	91	
80	78	81	77	93	91	84	
81	79	82	78	39	84	
82	80	83	79	
83	81	84	80	54	
84	82	85	81	48	87	
85	83	86	82	80	79	
86	84	87	83	
87	85	88	84	42	49	
88	86	85	21	61	73	83	
89	87	90	86	92	91	
90	88	91	28	
91	89	92	88	2	1	
92	90	93	89	29	88	79	95	78	
93	91	94	90	88	95	25	114	13	
94	92	95	91	79	13	
95	93	96	92	40	37	51	107	
96	94	97	93	92	29	91	
97	95	98	94	111	47	10	123	126	
98	96	99	95	78	
99	97	100	96	116	37	
100	98	101	97	102	
101	99	102	98	110	20	21	
102	100	103	99	104	106	37	
103	101	104	100	105	99	127	
104	102	105	101	36	
105	103	106	102	101	13	75	55	9	
106	104	107	103	102	
107	105	108	104	109	46	101	111	32	
108	106	109	105	78	29	94	
107	110	106	126	
111	107	113	106	78	77	46	127	
111	112	108	100	
112	110	113	109	96	106	
113	111	110	45	48	
114	112	115	111	109	
115	113	116	17	22	92	
116	114	117	113	
117	115	118	114	98	72	
118	116	119	115	47	
119	117	120	116	59	57	
120	118	121	117	
121	119	122	118	
122	120	123	119	
123	121	124	120	48	67	
124	122	125	121	46	126	96	
125	123	126	122	
126	124	127	123	17	
125	124	123	96	108	
1	125	102	109	
128	645

2	127	4	90	
3	1	4	90	14	
4	2	5	71	
5	3	6	2	7	40	1	49	
6	4	7	3	25	
7	5	8	4	40	15	
8	6	9	5	4	73	40	77	
9	7	10	6	22	
10	8	11	7	51	104	
11	9	12	8	13	35	96	
12	10	13	9	15	
13	11	14	10	37	
14	12	15	11	10	104	93	92	
13	16	12	2	64	63	38	
16	17	13	23	6	63	11	18	
17	15	18	14	
18	16	19	15	54	125	114	58	
19	17	20	16	53	23	15	
20	18	21	17	23	
21	19	22	18	100	
22	20	23	19	87	100	
23	21	24	20	114	8	76	
24	22	25	21	15	18	19	
25	23	26	22	69	41	
26	24	27	23	5	71	92	
27	25	28	24	74	44	56	
28	26	29	25	37	
29	27	30	26	31	74	89	
30	28	31	27	107	91	95	
31	29	32	28	
32	30	33	29	28	
31	34	30	37	50	106	
34	35	31	36	
35	33	36	32	74	
36	34	37	33	10	
37	35	38	34	103	33	
38	36	39	35	94	12	101	32	98	27	
39	37	40	36	14	
40	38	41	37	80	
41	39	42	38	94	4	6	7	
42	40	43	39	24	
43	41	44	40	86	
44	42	45	41	
45	43	46	42	76	26	
44	47	43	112	51	49	
47	48	44	123	106	78	109	
48	46	49	45	96	117	
49	47	50	46	122	83	112	
50	48	51	47	45	53	86	4	
51	49	52	48	55	65	32	53	
52	50	53	49	9	94	45	
53	51	54	50	
54	52	55	51	18	56	49	50	
55	53	56	52	17	82	
56	54	57	53	69	104	68	50	74	70	66	
57	55	58	54	53	77	60	26	
58	56	59	55	118	
59	57	60	56	64	65	17	
60	58	61	57	118	65	
61	59	62	58	56	
62	60	63	59	87	65	
63	61	64	60	
64	62	65	61	15	14	
65	63	66	62	58	67	14	
66	64	67	63	58	59	61	76	50	
67	65	68	64	55	76	
68	66	69	65	64	122	
69	67	70	66	55	
70	68	71	67	24	55	72	
71	69	72	68	55	
72	70	73	69	25	3	
73	71	74	70	69	116	
74	72	75	71	7	87	76	
75	73	76	72	34	26	55	28	
76	74	77	73	104	
77	75	78	74	44	65	22	66	73	
78	76	79	75	109	56	7	
79	77	80	76	107	109	46	97	91	
80	78	81	77	93	91	84	
81	79	82	78	39	84	
82	80	83	79	
83	81	84	80	54	
84	82	85	81	48	87	
85	83	86	82	80	79	
86	84	87	83	
87	85	88	84	42	49	
88	86	85	21	61	73	83	
89	87	90	86	92	91	
90	88	91	28	
91	89	92	88	2	1	
92	90	93	89	29	88	79	95	78	
93	91	94	90	88	95	25	114	13	
94	92	95	91	79	13	
95	93	96	92	40	37	51	107	
96	94	97	93	92	29	91	
97	95	98	94	111	47	10	123	126	
98	96	99	95	78	
99	97	100	96	116	37	
100	98	101	97	102	
101	99	102	98	110	20	21	
102	100	103	99	104	106	37	
103	101	104	100	105	99	127	
104	102	105	101	36	
105	103	106	102	101	13	75	55	9	
106	104	107	103	102	
107	105	108	104	109	46	101	111	32	
108	106	109	105	78	29	94	
107	110	106	126	
111	107	113	106	78	77	46	127	
111	112	108	100	
112	110	113	109	96	106	
113	111	110	45	48	
114	112	115	111	109	
115	113	116	17	22	92	
116	114	117	113	
117	115	118	114	98	72	
118	116	119	115	47	
119	117	120	116	59	57	
120	118	121	117	
121	119	122	118	
122	120	123	119	
123	121	124	120	48	67	
124	122	125	121	46	126	96	
125	123	126	122	
126	124	127	123	17	
125	124	123	96	108	
1	125	102	109	
128	667
1	127	2	126	18	
2	0	3	127	27	124	42	126	74	41	50	39	
3	1	4	0	122	49	104	5	
4	2	5	1	105	
5	3	6	2	60	50	
6	4	7	3	41	2	
7	5	8	4	105	50	26	51	
8	6	9	5	71	105	
9	7	10	6	94	87	15	75	
10	8	11	7	56	
11	9	12	8	126	124	61	13	
12	10	13	9	50	
11	14	10	126	
14	15	11	35	107	123	24	10	
15	13	16	12	121	59	120	
16	14	17	13	87	8	
17	15	18	14	74	32	33	35	
18	16	19	15	
19	17	20	16	26	77	0	
20	18	21	17	98	59	113	
21	19	22	18	81	23	83	
22	20	23	19	56	
23	21	24	20	81	95	75	
24	22	25	21	108	20	56	55	
25	23	26	22	28	109	13	
26	24	27	23	
27	25	28	24	18	29	45	79	6	
28	26	29	25	1	109	127	
29	27	30	26	24	79	
30	28	31	27	32	53	26	65	76	
31	29	32	28	51	125	126	82	
32	30	33	29	
33	31	34	30	16	29	37	47	
34	32	35	31	16	110	52	54	
35	33	36	32	92	
36	34	37	33	13	41	16	
37	35	38	34	103	
38	36	39	35	32	
39	37	40	36	58	61	
40	38	41	37	92	64	1	
41	39	42	38	58	
42	40	43	39	98	123	5	35	53	1	110	
43	41	44	40	1	49	
44	42	45	41	53	46	
45	43	46	42	107	52	
46	44	47	43	26	
47	45	48	44	43	
48	46	49	45	32	
49	47	50	46	62	
50	48	51	47	111	87	2	65	104	106	42	
51	49	52	48	68	88	6	11	4	58	1	
52	50	53	49	102	30	6	
53	51	54	50	98	55	81	33	44	
54	52	55	51	116	43	29	41	
55	53	56	52	33	
56	54	57	53	52	23	
57	55	58	54	9	23	21	
58	56	59	55	
59	57	60	56	88	38	50	40	
60	58	61	57	19	14	123	
61	59	62	58	76	75	4	
60	63	59	38	10	
63	64	60	116	65	48	
64	62	65	61	66	71	
65	63	66	62	67	39	71	104	
66	64	67	63	62	49	29	100	
67	65	68	64	63	85	126	
68	66	69	65	71	64	
69	67	70	66	50	
70	68	71	67	83	
71	69	72	68	98	105	
72	70	73	69	74	67	7	64	63	
73	71	74	70	
74	72	75	71	84	
75	73	76	72	16	71	1	
76	74	77	73	60	84	8	22	
77	75	78	74	60	29	112	
78	76	79	75	112	18	
79	77	80	76	
80	78	81	77	28	82	26	
81	79	82	78	
82	80	83	79	22	20	52	
83	81	84	80	30	79	
84	82	85	81	20	69	
85	83	86	82	75	73	97	120	
86	84	87	83	66	120	
87	85	88	84	113	
88	86	89	85	90	49	104	15	8	
89	87	90	86	58	91	50	108	
90	88	91	87	116	
91	89	92	88	87	
92	90	93	89	88	
93	91	94	90	39	34	
94	92	95	91	96	
95	93	96	92	8	
96	94	97	93	22	
97	95	98	94	110	93	
98	96	99	95	84	
99	97	100	96	19	41	52	70	
100	98	101	97	
101	99	102	98	65	
102	100	103	99	107	
103	101	104	100	51	105	107	
104	102	105	101	36	
105	103	106	102	111	87	49	2	64	
106	104	107	103	6	102	7	3	70	
107	105	108	104	123	49	
108	106	109	105	13	44	101	102	
109	107	110	106	23	88	123	
110	108	111	107	119	24	27	
111	109	112	108	96	113	33	41	
112	110	113	109	104	49	
113	111	114	110	77	76	
114	112	115	111	86	110	19	116	
115	113	116	112	
116	114	117	113	
117	115	118	114	62	53	89	113	
118	116	119	115	
119	117	120	116	
120	118	121	117	109	
121	119	122	118	14	127	84	85	
122	120	123	119	14	
123	121	124	120	2	
122	125	121	106	59	41	13	108	
125	126	122	1	10	
126	124	127	123	30	
127	125	0	124	66	12	10	30	1	
0	126	1	125	27	120	
128	667
1	127	2	126	18	
2	0	3	127	27	124	42	126	74	41	50	39	
3	1	4	0	122	49	104	5	
4	2	5	1	105	
5	3	6	2	60	50	
6	4	7	3	41	2	
7	5	8	4	105	50	26	51	
8	6	9	5	71	105	
9	7	10	6	94	87	15	75	
10	8	11	7	56	
11	9	12	8	126	124	61	13	
12	10	13	9	50	
11	14	10	126	
14	15	11	35	107	123	24	10	
15	13	16	12	121	59	120	
16	14	17	13	87	8	
17	15	18	14	74	32	33	35	
18	16	19	15	
19	17	20	16	26	77	0	
20	18	21	17	98	59	113	
21	19	22	18	81	23	83	
22	20	23	19	56	
23	21	24	20	81	95	75	
24	22	25	21	108	20	56	55	
25	23	26	22	28	109	13	
26	24	27	23	
27	25	28	24	18	29	45	79	6	
28	26	29	25	1	109	127	
29	27	30	26	24	79	
30	28	31	27	32	53	26	65	76	
31	29	32	28	51	125	126	82	
32	30	33	29	
33	31	34	30	16	29	37	47	
34	32	35	31	16	110	52	54	
35	33	36	32	92	
36	34	37	33	13	41	16	
37	35	38	34	103	
38	36	39	35	32	
39	37	40	36	58	61	
40	38	41	37	92	64	1	
41	39	42	38	58	
42	40	43	39	98	123	5	35	53	1	110	
43	41	44	40	1	49	
44	42	45	41	53	46	
45	43	46	42	107	52	
46	44	47	43	26	
47	45	48	44	43	
48	46	49	45	32	
49	47	50	46	62	
50	48	51	47	111	87	2	65	104	106	42	
51	49	52	48	68	88	6	11	4	58	1	
52	50	53	49	102	30	6	
53	51	54	50	98	55	81	33	44	
54	52	55	51	116	43	29	41	
55	53	56	52	33	
56	54	57	53	52	23	
57	55	58	54	9	23	21	
58	56	59	55	
59	57	60	56	88	38	50	40	
60	58	61	57	19	14	123	
61	59	62	58	76	75	4	
60	63	59	38	10	
63	64	60	116	65	48	
64	62	65	61	66	71	
65	63	66	62	67	39	71	104	
66	64	67	63	62	49	29	100	
67	65	68	64	63	85	126	
68	66	69	65	71	64	
69	67	70	66	50	
70	68	71	67	83	
71	69	72	68	98	105	
72	70	73	69	74	67	7	64	63	
73	71	74	70	
74	72	75	71	84	
75	73	76	72	16	71	1	
76	74	77	73	60	84	8	22	
77	75	78	74	60	29	112	
78	76	79	75	112	18	
79	77	80	76	
80	78	81	77	28	82	26	
81	79	82	78	
82	80	83	79	22	20	52	
83	81	84	80	30	79	
84	82	85	81	20	69	
85	83	86	82	75	73	97	120	
86	84	87	83	66	120	
87	85	88	84	113	
88	86	89	85	90	49	104	15	8	
89	87	90	86	58	91	50	108	
90	88	91	87	116	
91	89	92	88	87	
92	90	93	89	88	
93	91	94	90	39	34	
94	92	95	91	96	
95	93	96	92	8	
96	94	97	93	22	
97	95	98	94	110	93	
98	96	99	95	84	
99	97	100	96	19	41	52	70	
100	98	101	97	
101	99	102	98	65	
102	100	103	99	107	
103	101	104	100	51	105	107	
104	102	105	101	36	
105	103	106	102	111	87	49	2	64	
106	104	107	103	6	102	7	3	70	
107	105	108	104	123	49	
108	106	109	105	13	44	101	102	
109	107	110	106	23	88	123	
110	108	111	107	119	24	27	
111	109	112	108	96	113	33	41	
112	110	113	109	104	49	
113	111	114	110	77	76	
114	112	115	111	86	110	19	116	
115	113	116	112	
116	114	117	113	
117	115	118	114	62	53	89	113	
118	116	119	115	
119	117	120	116	
120	118	121	117	109	
121	119	122	118	14	127	84	85	
122	120	123	119	14	
123	121	124	120	2	
122	125	121	106	59	41	13	108	
125	126	122	1	10	
126	124	127	123	30	
127	125	0	124	66	12	10	30	1	
0	126	1	125	27	120	
128	645
1	127	2	126	123	125	90	
2	0	127	92	54	114	
3	1	0	81	44	
4	2	5	124	109	81	
5	3	6	21	90	88	
6	4	7	3	88	
7	5	8	4	10	113	9	18	
8	6	9	5	126	97	
9	7	10	6	76	12	
10	8	11	7	6	18	61	
11	9	12	8	6	76	
12	10	13	9	94	67	
13	11	14	10	8	103	
14	12	15	11	103	68	
15	13	16	12	
16	14	17	13	
17	15	18	14	69	88	
18	16	19	15	69	
19	17	20	16	109	57	9	6	
20	18	21	17	53	51	55	
21	19	22	18	
22	20	23	19	25	4	
23	21	24	20	124	
24	22	25	21	27	71	
25	23	26	22	28	43	59	
24	27	23	21	81	65	
27	28	24	29	57	
28	26	29	25	23	
29	27	30	26	24	93	96	98	92	
30	28	31	27	26	57	58	
31	29	32	28	61	92	36	63	97	
32	30	33	29	42	62	83	
33	31	34	30	
34	32	35	31	
35	33	36	32	118	107	95	38	117	
36	34	37	33	39	40	
37	35	38	34	121	54	105	30	
38	36	35	39	
39	37	40	36	41	34	
40	38	41	35	37	125	
41	39	42	38	35	
42	40	43	39	45	38	102	
43	41	44	40	31	
44	42	45	41	24	55	
45	43	46	42	2	
46	44	47	43	41	118	81	
47	45	48	44	122	
48	46	49	45	63	
49	47	50	46	79	
50	48	51	47	109	99	
51	49	52	48	
52	50	53	49	19	108	65	110	
53	51	54	50	55	
54	52	55	51	19	
55	53	56	52	1	36	
56	54	57	53	52	19	43	104	76	
57	55	58	54	
58	56	59	55	76	29	26	75	18	
59	57	60	56	29	
60	58	61	57	63	24	79	
61	59	62	58	64	
62	60	63	59	30	9	83	
63	61	64	60	80	31	93	
64	62	65	61	59	66	47	30	
65	63	66	62	116	60	76	
66	64	67	63	51	25	
67	65	68	64	63	105	
68	66	69	65	71	94	11	
69	67	70	66	13	
70	68	71	67	16	97	17	
71	69	72	68	
72	70	73	69	67	23	
73	71	74	70	
74	72	75	71	
75	73	76	72	90	89	
76	74	77	73	57	
77	75	78	74	57	8	94	55	10	64	
78	76	79	75	
79	77	80	76	
80	78	81	77	59	48	
81	79	82	78	62	
82	80	83	79	3	2	25	45	
83	81	84	80	113	114	
84	82	85	81	31	61	
85	83	86	82	97	
86	84	87	83	
87	85	88	84	89	101	
88	86	89	85	122	
89	87	90	86	4	16	5	92	127	
90	88	91	87	86	74	95	
91	89	92	88	4	74	0	
92	90	93	89	99	124	97	101	
93	91	94	90	30	1	88	28	
94	92	95	91	96	28	62	125	
95	93	96	92	76	67	126	11	
96	94	97	93	34	89	
97	95	98	94	93	28	
98	96	99	95	100	69	7	84	91	30	
99	97	100	96	28	
100	98	101	97	91	49	
101	99	102	98	97	122	103	
102	100	103	99	91	86	
103	101	104	100	41	
104	102	105	101	13	100	12	
105	103	106	102	55	
106	104	107	103	66	36	
107	105	108	104	
108	106	109	105	34	
109	107	110	106	51	
110	108	111	107	49	3	18	
111	109	112	108	51	
112	110	113	109	123	
113	111	114	110	116	
114	112	115	111	6	82	
115	113	116	112	82	1	
116	114	117	113	120	
117	115	118	114	112	119	64	
118	116	115	120	119	34	
119	117	120	116	34	45	122	
120	118	121	116	117	
121	119	122	118	115	117	
122	120	123	119	36	
123	121	124	120	87	100	118	46	
124	122	125	121	111	127	0	
125	123	126	122	3	22	91	
126	124	127	123	0	93	39	
127	125	0	124	7	94	
0	126	1	125	123	88	
128	676
1	127	2	126	88	
2	0	3	127	4	
3	1	4	0	36	82	112	95	
4	2	5	1	104	92	7	59	
5	3	6	2	69	34	1	78	100	
6	4	7	3	34	9	16	44	108	
7	5	8	4	13	108	
8	6	9	5	3	
7	10	6	107	92	63	
10	11	7	58	21	5	103	96	56	
11	9	12	8	66	29	
12	10	13	9	49	122	
13	11	14	10	83	
14	12	15	11	6	
15	13	16	12	18	23	
16	14	17	13	18	
17	15	18	14	125	5	112	
18	16	19	15	73	
19	17	20	16	14	85	122	15	
20	18	21	17	109	
21	19	22	18	85	55	23	54	127	
22	20	23	19	9	88	92	
23	21	24	20	64	26	67	79	
24	22	25	21	74	121	20	68	14	
25	23	26	22	96	64	
26	24	27	23	
27	25	28	24	71	33	22	90	92	
28	26	29	25	70	31	
29	27	30	26	119	
30	28	31	27	10	
31	29	32	28	64	
32	30	33	29	34	36	86	57	27	
33	31	34	30	
34	32	35	31	26	110	
35	33	36	32	5	31	4	100	
36	34	37	33	
37	35	38	34	2	31	82	
38	36	39	35	92	84	
39	37	36	91	83	93	
40	38	41	37	43	52	105	
41	39	111	93	63	
42	40	43	39	44	88	60	65	
43	41	44	73	62	
44	42	45	41	109	39	83	59	107	85	60	
45	43	42	41	107	108	5	
46	44	47	43	116	
47	45	48	105	
48	46	49	45	126	
49	47	50	46	108	
50	48	51	47	11	74	84	76	126	
51	49	52	48	86	64	56	66	
52	50	53	49	122	
53	51	54	50	39	63	
54	52	55	51	123	84	
55	53	56	52	112	20	
56	54	57	53	64	20	74	
57	55	58	54	50	9	
58	56	59	55	31	120	
59	57	56	61	9	86	60	
60	58	61	57	43	3	
61	59	62	77	65	41	63	58	43	
62	60	63	59	76	58	
61	64	60	42	116	
64	65	61	114	8	60	40	52	
65	63	66	62	55	22	94	50	24	30	76	74	
66	64	67	63	60	94	41	
67	65	68	64	10	50	
68	66	69	65	111	120	22	112	79	
69	67	70	66	115	101	23	
70	68	67	4	98	
71	69	72	68	95	27	93	90	
72	70	73	26	
73	71	74	70	105	
74	72	75	71	42	17	
75	73	76	72	49	23	105	55	64	
74	77	73	84	
77	78	74	61	49	64	
78	76	79	75	60	80	109	
79	77	80	76	4	
80	78	81	77	22	67	
81	79	82	78	77	
82	80	83	79	118	
83	81	84	80	2	36	
84	82	85	81	38	43	126	12	87	
85	83	86	82	53	49	37	75	
86	84	87	83	18	20	43	
87	85	88	84	110	31	50	58	113	
88	86	89	85	83	
89	87	90	86	120	21	41	107	0	
90	88	91	87	
91	89	92	88	26	70	
92	90	93	89	38	94	120	114	
93	91	94	90	3	8	37	26	21	
94	92	95	91	70	38	40	97	
95	93	96	92	126	64	91	65	
96	94	97	93	70	2	
97	95	98	94	107	24	108	9	
98	96	99	95	93	100	
99	97	100	96	110	102	69	101	
100	98	101	97	103	
101	99	102	98	118	4	34	97	
102	100	103	99	68	98	
103	101	104	100	98	107	
104	102	105	101	99	118	9	119	
103	106	102	3	
106	103	72	46	74	39	
107	105	108	104	
108	106	109	96	8	44	43	88	102	
109	107	110	106	48	96	44	6	5	
110	108	111	107	43	126	19	77	
111	109	112	108	86	119	98	33	123	
112	110	113	109	67	40	
113	111	114	110	2	16	54	67	
114	112	115	111	86	126	
115	113	116	112	63	91	
116	114	117	113	68	
117	115	118	114	45	62	
118	116	119	115	
119	117	120	116	100	103	81	
120	118	121	117	110	28	103	
121	119	122	118	88	67	91	57	
122	120	123	119	23	
123	121	124	120	11	18	51	
124	122	125	121	53	110	
125	123	126	122	
126	124	127	123	16	
127	125	0	124	83	94	109	49	47	113	
0	126	1	125	20	
128	686
1	127	2	126	77	4	88	
2	0	3	127	71	70	5	
3	1	4	0	36	82	112	77	95	
4	2	5	1	15	104	92	8	
5	3	6	2	69	34	112	98	0	78	100	
6	4	7	3	34	9	109	92	53	1	100	44	42	
7	5	8	4	108	
8	6	9	5	
9	7	10	6	107	3	63	97	
10	8	11	7	58	21	5	
11	9	12	8	79	14	29	77	
12	10	13	9	49	122	56	
13	11	14	10	82	
14	12	15	11	
15	13	16	12	18	112	10	23	
16	14	17	13	3	123	
17	15	18	14	112	
18	16	19	15	73	
19	17	20	16	14	85	21	
20	18	21	17	109	
21	19	22	18	85	55	56	23	25	54	127	
22	20	23	19	9	18	92	
23	21	24	20	64	67	79	
24	22	25	21	20	68	14	
25	23	26	22	
26	24	27	23	20	
27	25	28	24	71	33	35	
28	26	29	25	102	31	
29	27	30	26	119	45	46	
30	28	31	27	49	10	
31	29	32	28	
32	30	33	29	34	36	55	27	
33	31	34	30	
34	32	35	31	26	110	80	36	
35	33	36	32	5	31	4	55	
36	34	37	33	26	
37	35	38	34	2	31	75	33	82	
38	36	39	35	84	
39	37	36	91	83	44	43	
40	38	41	37	43	52	107	105	
41	39	42	111	93	109	91	
40	43	39	106	63	
43	44	40	106	109	5	62	
44	42	45	41	109	39	83	38	
45	43	46	42	38	48	88	5	
46	44	43	28	115	
47	45	48	44	28	
48	46	49	92	
49	47	50	46	44	111	63	
50	48	51	47	11	56	29	57	126	
51	49	52	48	66	
52	50	53	49	59	122	
53	51	54	50	39	106	67	63	
54	52	55	51	123	5	
55	53	56	52	112	20	
56	54	57	53	64	20	34	31	74	
57	55	58	54	49	20	11	
58	56	59	55	49	
59	57	56	61	9	91	60	
60	58	61	57	51	
61	59	62	77	58	
62	60	63	59	76	58	74	
61	64	60	77	42	116	
64	65	61	68	48	8	77	41	52	
65	63	66	62	55	22	94	76	
66	64	67	63	68	
67	65	68	64	50	
68	66	69	65	111	120	52	22	112	71	
69	67	70	66	115	63	65	23	
70	68	71	67	4	98	
71	69	72	68	124	1	90	
72	70	73	69	26	1	127	67	
73	71	74	70	
74	72	75	71	17	
75	73	76	72	55	61	
76	74	77	73	36	84	
77	75	78	74	61	64	79	
78	76	79	75	60	0	62	2	63	10	109	
79	77	80	76	4	
80	78	81	77	10	22	76	
81	79	82	78	33	
82	80	83	79	
83	81	84	80	2	12	36	
84	82	85	81	38	43	126	
85	83	86	82	37	75	
86	84	87	83	18	20	119	
87	85	88	84	110	
88	86	89	85	
89	87	90	86	120	112	44	107	0	
90	88	91	87	94	
91	89	92	88	70	
92	90	93	89	38	94	58	126	40	
93	91	94	90	96	3	5	21	47	
94	92	95	91	96	40	
95	93	96	92	126	64	91	115	97	89	
96	94	97	93	2	
97	95	98	94	92	107	93	
98	96	99	95	107	94	8	
99	97	100	96	110	102	4	69	101	
100	98	101	97	103	124	
101	99	102	98	118	4	5	
102	100	103	99	98	
103	101	104	100	98	27	107	
104	102	105	101	99	118	121	106	
105	103	106	102	3	107	
106	104	107	103	121	39	
107	105	108	104	52	111	103	42	41	
108	106	109	105	96	8	97	39	104	88	102	
109	107	110	106	6	
110	108	111	107	43	5	42	19	40	77	
111	109	108	86	119	98	33	
112	110	113	109	67	106	48	40	
113	111	114	2	88	4	14	115	116	16	54	67	
114	112	115	111	126	
115	113	116	112	
116	114	117	113	68	122	112	94	45	
117	115	118	114	112	62	
118	116	119	115	
119	117	120	116	100	103	
120	118	121	117	110	28	85	
121	119	122	118	88	67	
122	120	123	119	103	105	
123	121	124	120	11	115	51	
124	122	125	121	53	15	
125	123	126	122	99	70	
126	124	127	123	
127	125	0	124	83	94	49	91	113	
0	126	1	125	71	20	
