128	654

2	3	106	52	53	
3	1	4	38	
4	2	5	1	74	11	82	
5	3	6	2	79	61	
6	4	7	3	24	62	70	41	
7	5	4	118	
8	6	9	5	108	
9	7	113	44	12	
10	8	11	7	60	69	61	
11	9	12	43	107	
12	10	13	9	3	80	
13	11	14	10	70	16	8	68	
12	15	11	
15	16	12	17	46	47	
16	14	13	101	
17	15	18	14	111	12	
18	16	19	66	100	119	109	14	
19	17	20	16	
20	18	21	17	80	36	82	100	
21	19	22	18	75	
22	20	23	19	
23	21	24	20	78	76	
24	22	25	21	105	42	
25	23	26	22	5	
26	24	27	23	108	104	105	74	
27	25	28	24	63	99	
28	26	29	25	39	80	
29	27	30	26	76	89	33	
30	28	31	27	78	32	
31	29	32	28	
32	30	33	29	35	
33	31	34	30	29	
34	32	35	31	53	28	
35	33	36	32	37	
36	34	37	33	31	59	78	38	
37	35	38	34	19	113	79	82	81	55	
38	36	39	35	34	
39	37	40	36	116	35	2	50	
40	38	41	37	27	42	
41	39	42	38	73	94	71	95	
42	40	43	39	44	86	67	5	
43	41	44	40	39	45	23	
44	42	45	41	10	
45	43	46	42	41	115	113	81	8	
46	44	47	43	103	63	42	
47	45	48	44	97	104	14	
48	46	49	45	92	14	
49	47	50	46	87	120	114	
50	48	51	47	108	115	
51	49	52	48	63	38	
52	50	53	49	123	55	
53	51	54	50	106	1	
54	52	55	51	60	33	101	68	109	1	
55	53	56	52	
56	54	57	53	51	58	36	74	
57	55	58	54	103	74	
56	59	55	107	120	108	
59	60	56	55	109	61	114	103	
60	58	61	57	35	86	
61	59	62	58	53	9	100	
62	60	63	59	4	58	9	
63	61	64	60	5	87	69	
64	62	65	61	50	45	26	98	
65	63	66	62	70	69	
66	64	67	63	98	
67	65	68	64	17	85	
68	66	69	65	84	41	82	
69	67	70	66	53	12	
70	68	71	67	101	9	64	81	62	
71	69	72	68	12	5	64	
72	70	73	69	99	40	
73	71	74	70	127	
74	72	75	71	40	115	
75	73	76	72	3	95	120	25	56	55	
76	74	77	73	108	20	109	91	
77	75	78	74	28	22	109	
78	76	79	75	119	
79	77	80	76	22	35	29	81	93	
80	78	81	77	102	107	4	36	
81	79	82	78	19	11	27	
82	80	83	79	85	44	36	78	69	
83	81	84	80	85	19	36	67	3	
84	82	85	81	
85	83	86	82	67	
86	84	87	83	82	66	81	
87	85	88	84	41	59	
88	86	89	85	48	62	
89	87	90	86	117	
90	88	91	87	92	28	
91	89	92	88	105	
92	90	93	89	94	75	122	124	
93	91	94	90	47	89	
94	92	95	91	78	
95	93	96	92	100	110	91	40	115	
96	94	97	93	74	40	
97	95	98	94	
98	96	99	95	46	
99	97	100	96	65	63	
100	98	101	97	71	26	
99	102	98	94	17	60	119	19	
102	103	99	15	69	53	
103	101	104	100	79	
104	102	105	101	45	56	58	
105	103	106	102	25	46	
106	104	107	103	90	25	23	
107	105	108	104	52	1	
108	106	109	105	57	79	10	
107	110	106	75	25	7	57	49	
110	111	107	17	75	58	112	76	53	
111	109	112	108	116	94	
112	110	113	109	16	115	
113	111	110	116	109	
114	112	115	111	36	44	8	
115	113	116	58	48	
116	114	117	113	44	124	94	49	73	111	
117	115	118	114	110	38	112	
118	116	119	115	88	
119	117	120	116	6	
120	118	121	117	77	17	100	
121	119	118	74	57	48	
122	120	123	119	
123	121	124	91	
124	122	125	121	51	
125	123	126	122	115	91	
126	124	127	123	
127	125	124	
126	125	72	
128	654

2	3	106	52	53	
3	1	4	38	
4	2	5	1	74	11	82	
5	3	6	2	79	61	
6	4	7	3	24	62	70	41	
7	5	4	118	
8	6	9	5	108	
9	7	113	44	12	
10	8	11	7	60	69	61	
11	9	12	43	107	
12	10	13	9	3	80	
13	11	14	10	70	16	8	68	
12	15	11	
15	16	12	17	46	47	
16	14	13	101	
17	15	18	14	111	12	
18	16	19	66	100	119	109	14	
19	17	20	16	
20	18	21	17	80	36	82	100	
21	19	22	18	75	
22	20	23	19	
23	21	24	20	78	76	
24	22	25	21	105	42	
25	23	26	22	5	
26	24	27	23	108	104	105	74	
27	25	28	24	63	99	
28	26	29	25	39	80	
29	27	30	26	76	89	33	
30	28	31	27	78	32	
31	29	32	28	
32	30	33	29	35	
33	31	34	30	29	
34	32	35	31	53	28	
35	33	36	32	37	
36	34	37	33	31	59	78	38	
37	35	38	34	19	113	79	82	81	55	
38	36	39	35	34	
39	37	40	36	116	35	2	50	
40	38	41	37	27	42	
41	39	42	38	73	94	71	95	
42	40	43	39	44	86	67	5	
43	41	44	40	39	45	23	
44	42	45	41	10	
45	43	46	42	41	115	113	81	8	
46	44	47	43	103	63	42	
47	45	48	44	97	104	14	
48	46	49	45	92	14	
49	47	50	46	87	120	114	
50	48	51	47	108	115	
51	49	52	48	63	38	
52	50	53	49	123	55	
53	51	54	50	106	1	
54	52	55	51	60	33	101	68	109	1	
55	53	56	52	
56	54	57	53	51	58	36	74	
57	55	58	54	103	74	
56	59	55	107	120	108	
59	60	56	55	109	61	114	103	
60	58	61	57	35	86	
61	59	62	58	53	9	100	
62	60	63	59	4	58	9	
63	61	64	60	5	87	69	
64	62	65	61	50	45	26	98	
65	63	66	62	70	69	
66	64	67	63	98	
67	65	68	64	17	85	
68	66	69	65	84	41	82	
69	67	70	66	53	12	
70	68	71	67	101	9	64	81	62	
71	69	72	68	12	5	64	
72	70	73	69	99	40	
73	71	74	70	127	
74	72	75	71	40	115	
75	73	76	72	3	95	120	25	56	55	
76	74	77	73	108	20	109	91	
77	75	78	74	28	22	109	
78	76	79	75	119	
79	77	80	76	22	35	29	81	93	
80	78	81	77	102	107	4	36	
81	79	82	78	19	11	27	
82	80	83	79	85	44	36	78	69	
83	81	84	80	85	19	36	67	3	
84	82	85	81	
85	83	86	82	67	
86	84	87	83	82	66	81	
87	85	88	84	41	59	
88	86	89	85	48	62	
89	87	90	86	117	
90	88	91	87	92	28	
91	89	92	88	105	
92	90	93	89	94	75	122	124	
93	91	94	90	47	89	
94	92	95	91	78	
95	93	96	92	100	110	91	40	115	
96	94	97	93	74	40	
97	95	98	94	
98	96	99	95	46	
99	97	100	96	65	63	
100	98	101	97	71	26	
99	102	98	94	17	60	119	19	
102	103	99	15	69	53	
103	101	104	100	79	
104	102	105	101	45	56	58	
105	103	106	102	25	46	
106	104	107	103	90	25	23	
107	105	108	104	52	1	
108	106	109	105	57	79	10	
107	110	106	75	25	7	57	49	
110	111	107	17	75	58	112	76	53	
111	109	112	108	116	94	
112	110	113	109	16	115	
113	111	110	116	109	
114	112	115	111	36	44	8	
115	113	116	58	48	
116	114	117	113	44	124	94	49	73	111	
117	115	118	114	110	38	112	
118	116	119	115	88	
119	117	120	116	6	
120	118	121	117	77	17	100	
121	119	118	74	57	48	
122	120	123	119	
123	121	124	91	
124	122	125	121	51	
125	123	126	122	115	91	
126	124	127	123	
127	125	124	
126	125	72	
128	669
1	127	126	119	
2	0	3	127	126	10	5	
1	4	16	58	5	
4	5	1	15	56	55	78	
5	3	6	2	96	
6	4	7	3	45	1	2	
7	5	8	4	81	93	
8	6	9	5	116	114	105	50	110	
9	7	10	6	42	67	13	105	14	
10	8	11	7	42	51	
11	9	12	8	32	1	98	113	
12	10	13	9	
13	11	10	98	63	28	14	
14	12	15	11	8	
15	13	16	99	68	8	12	
16	14	17	13	3	28	
17	15	18	14	2	37	127	
18	16	19	15	20	59	
19	17	20	16	49	76	
18	21	17	90	53	100	
21	22	18	34	91	17	
22	20	23	19	100	
23	21	24	20	25	50	29	
24	22	25	21	36	38	
25	23	26	22	119	126	36	38	81	46	
26	24	27	23	22	105	65	
27	25	28	24	119	34	54	71	
28	26	29	25	
29	27	30	26	54	15	31	12	99	
30	28	31	27	34	89	22	
31	29	32	28	34	107	111	74	
32	30	33	29	54	59	94	125	99	28	
33	31	34	30	36	10	80	
34	32	35	31	54	115	
35	33	36	32	20	30	124	26	29	
36	34	37	33	60	75	
37	35	38	34	64	23	32	24	
38	36	39	35	16	111	
39	37	40	36	68	24	23	105	
40	38	41	37	
41	39	42	38	123	
42	40	43	39	91	
43	41	44	40	8	9	83	
44	42	45	41	71	
45	43	46	42	51	
46	44	47	43	5	75	
47	45	48	44	24	
48	46	49	45	97	126	
49	47	50	46	111	103	73	
50	48	51	47	18	
51	49	52	48	71	22	53	7	
52	50	53	49	44	9	
51	54	50	58	77	57	106	
54	55	51	60	19	50	
53	56	52	31	124	28	79	26	33	
56	57	53	101	3	102	
57	55	54	3	
58	56	59	55	61	76	82	52	99	101	84	
59	57	52	2	98	
60	58	61	57	31	17	
61	59	62	53	35	
62	60	63	59	57	118	
63	61	64	60	69	
64	62	65	61	84	118	12	115	
65	63	66	62	36	
66	64	67	63	25	
67	65	68	64	92	104	103	
68	66	65	103	8	
69	67	70	66	38	14	105	83	
70	68	71	62	
71	69	72	68	74	
72	70	73	69	50	26	43	74	
73	71	74	70	119	87	
74	72	75	71	126	106	48	
75	73	76	72	70	115	30	71	
76	74	77	73	45	115	35	
77	75	78	74	57	18	
78	76	79	75	52	81	112	
79	77	80	76	81	3	112	
80	78	81	77	54	
81	79	82	78	32	
82	80	83	79	78	6	77	24	
83	81	84	80	57	
84	82	85	81	121	42	120	68	
83	86	82	63	87	57	
86	87	83	110	121	
87	85	88	84	111	
88	86	89	85	111	84	72	
89	87	90	86	111	
90	88	91	87	29	
91	89	92	88	19	96	97	
92	90	93	89	20	41	
93	91	94	90	66	
94	92	95	91	6	
95	93	96	92	31	114	
96	94	97	93	
97	95	98	94	90	4	
98	96	99	95	47	124	90	100	
97	100	96	12	58	10	
100	101	97	14	57	31	28	
101	99	102	98	21	19	97	
102	100	103	99	55	57	
103	101	104	100	119	55	
104	102	105	101	67	48	119	113	107	66	
105	103	106	102	107	66	108	
106	104	107	103	7	8	25	68	38	
107	105	108	104	52	73	
108	106	109	105	104	30	103	
109	107	110	106	126	104	
110	108	111	107	112	
111	109	112	108	85	7	
112	110	113	109	48	86	88	87	30	37	
113	111	114	110	109	77	78	
114	112	115	111	119	103	10	
115	113	116	112	7	94	
116	114	117	113	75	63	74	33	
117	115	118	114	7	126	124	
118	116	119	115	
119	117	120	116	63	61	
120	118	121	117	102	113	103	24	0	26	72	
121	119	122	118	123	83	
122	120	123	119	83	85	
123	121	124	120	
124	122	125	121	120	40	
125	123	126	122	54	116	34	97	
126	124	127	123	31	
127	125	0	124	1	116	73	24	47	108	
0	126	1	125	16	
