128	675

2	3	127	123	
3	1	4	43	90	
4	2	5	1	127	
5	3	6	2	90	
6	4	7	3	42	102	55	
7	5	8	4	9	104	
8	6	9	5	
9	7	10	6	78	98	
10	8	11	7	6	60	102	
11	9	12	8	101	108	81	
12	10	13	9	19	44	102	49	
13	11	14	10	108	115	
14	12	15	11	123	
15	13	16	12	34	31	
16	14	17	13	89	95	18	100	
17	15	18	14	42	103	
16	19	15	94	
19	16	75	28	15	98	56	97	
20	18	21	17	11	88	36	56	22	
21	19	22	77	23	74	50	
22	20	23	19	44	
23	21	24	20	40	55	19	83	
24	22	25	21	20	26	
25	23	26	22	86	27	
26	24	27	23	51	29	43	
27	25	28	24	23	95	54	
28	26	29	25	51	123	24	
29	27	30	26	18	93	
30	28	31	27	93	25	75	
31	29	32	28	103	33	
32	30	33	29	40	54	38	14	
33	31	34	30	
34	32	35	31	54	30	
35	33	36	32	14	44	89	88	
36	34	37	33	76	70	125	107	38	90	
37	35	38	34	41	57	19	104	
38	36	39	35	57	41	94	
39	37	40	36	53	31	35	
38	41	37	98	
41	42	38	31	87	22	84	77	
42	40	43	39	48	36	37	57	78	
43	41	44	40	16	5	88	
44	42	45	41	2	64	56	25	
43	46	42	34	11	21	94	
46	47	43	
47	45	48	44	86	
48	46	49	45	
49	47	50	46	41	79	
50	48	51	47	117	11	
51	49	52	48	20	115	
52	50	53	49	27	58	25	
53	51	54	50	77	
54	52	55	51	38	95	
55	53	56	52	31	94	89	26	33	
56	54	57	53	22	5	69	
57	55	58	54	43	19	18	
58	56	59	55	37	61	41	36	104	
59	57	60	56	51	81	61	
60	58	61	57	62	79	
61	59	62	58	88	63	9	69	
62	60	63	59	57	58	80	
63	61	64	60	123	59	84	
64	62	65	61	102	114	60	104	70	116	69	124	115	
65	63	66	62	43	91	
66	64	67	63	68	76	
67	65	68	64	
68	66	69	65	83	85	
69	67	70	66	65	
70	68	71	67	93	95	60	63	72	55	
71	69	72	68	112	35	95	79	63	
72	70	73	69	110	109	
73	71	74	70	90	92	69	
74	72	75	71	
75	73	76	72	77	20	
76	74	73	18	29	
77	75	78	74	35	65	
78	76	79	74	20	52	40	123	
79	77	80	76	81	126	93	8	41	
80	78	81	77	100	70	59	48	82	
81	79	82	78	93	61	
82	80	83	79	97	78	58	104	10	
83	81	84	80	93	79	
82	85	81	67	86	87	92	89	22	
85	86	82	88	40	62	120	
86	84	87	83	67	
87	85	88	84	83	24	89	46	
88	86	89	85	40	83	
89	87	90	86	122	84	60	19	34	109	42	
90	88	91	87	86	15	54	83	34	
91	89	92	88	72	4	2	35	
92	90	93	89	64	
93	91	94	90	72	83	
94	92	95	91	69	82	29	78	80	28	
95	93	96	92	54	37	17	44	
96	94	97	93	70	113	15	69	26	53	
97	95	98	94	
98	96	99	95	81	113	18	
99	97	100	96	39	18	101	8	
100	98	101	97	110	
101	99	102	98	79	15	
102	100	103	99	10	98	
103	101	104	100	5	63	11	9	
104	102	105	101	16	111	30	
105	103	106	102	6	63	36	81	57	
106	104	107	103	
107	105	108	104	
108	106	109	105	35	
109	107	110	106	10	12	
108	111	107	123	71	88	
111	112	108	71	99	
112	110	113	109	103	
113	111	114	110	70	116	123	
114	112	115	111	95	97	
115	113	116	112	63	118	
116	114	117	113	118	50	63	12	
117	115	118	114	112	63	
118	116	119	115	49	
119	117	120	116	115	114	
120	118	121	117	126	122	
121	119	122	118	84	
122	120	123	119	
123	121	124	120	88	119	125	
124	122	125	121	109	62	112	13	27	1	77	
125	123	126	122	63	
126	124	127	123	35	122	
127	125	124	119	78	
126	1	125	3	
128	675

2	3	127	123	
3	1	4	43	90	
4	2	5	1	127	
5	3	6	2	90	
6	4	7	3	42	102	55	
7	5	8	4	9	104	
8	6	9	5	
9	7	10	6	78	98	
10	8	11	7	6	60	102	
11	9	12	8	101	108	81	
12	10	13	9	19	44	102	49	
13	11	14	10	108	115	
14	12	15	11	123	
15	13	16	12	34	31	
16	14	17	13	89	95	18	100	
17	15	18	14	42	103	
16	19	15	94	
19	16	75	28	15	98	56	97	
20	18	21	17	11	88	36	56	22	
21	19	22	77	23	74	50	
22	20	23	19	44	
23	21	24	20	40	55	19	83	
24	22	25	21	20	26	
25	23	26	22	86	27	
26	24	27	23	51	29	43	
27	25	28	24	23	95	54	
28	26	29	25	51	123	24	
29	27	30	26	18	93	
30	28	31	27	93	25	75	
31	29	32	28	103	33	
32	30	33	29	40	54	38	14	
33	31	34	30	
34	32	35	31	54	30	
35	33	36	32	14	44	89	88	
36	34	37	33	76	70	125	107	38	90	
37	35	38	34	41	57	19	104	
38	36	39	35	57	41	94	
39	37	40	36	53	31	35	
38	41	37	98	
41	42	38	31	87	22	84	77	
42	40	43	39	48	36	37	57	78	
43	41	44	40	16	5	88	
44	42	45	41	2	64	56	25	
43	46	42	34	11	21	94	
46	47	43	
47	45	48	44	86	
48	46	49	45	
49	47	50	46	41	79	
50	48	51	47	117	11	
51	49	52	48	20	115	
52	50	53	49	27	58	25	
53	51	54	50	77	
54	52	55	51	38	95	
55	53	56	52	31	94	89	26	33	
56	54	57	53	22	5	69	
57	55	58	54	43	19	18	
58	56	59	55	37	61	41	36	104	
59	57	60	56	51	81	61	
60	58	61	57	62	79	
61	59	62	58	88	63	9	69	
62	60	63	59	57	58	80	
63	61	64	60	123	59	84	
64	62	65	61	102	114	60	104	70	116	69	124	115	
65	63	66	62	43	91	
66	64	67	63	68	76	
67	65	68	64	
68	66	69	65	83	85	
69	67	70	66	65	
70	68	71	67	93	95	60	63	72	55	
71	69	72	68	112	35	95	79	63	
72	70	73	69	110	109	
73	71	74	70	90	92	69	
74	72	75	71	
75	73	76	72	77	20	
76	74	73	18	29	
77	75	78	74	35	65	
78	76	79	74	20	52	40	123	
79	77	80	76	81	126	93	8	41	
80	78	81	77	100	70	59	48	82	
81	79	82	78	93	61	
82	80	83	79	97	78	58	104	10	
83	81	84	80	93	79	
82	85	81	67	86	87	92	89	22	
85	86	82	88	40	62	120	
86	84	87	83	67	
87	85	88	84	83	24	89	46	
88	86	89	85	40	83	
89	87	90	86	122	84	60	19	34	109	42	
90	88	91	87	86	15	54	83	34	
91	89	92	88	72	4	2	35	
92	90	93	89	64	
93	91	94	90	72	83	
94	92	95	91	69	82	29	78	80	28	
95	93	96	92	54	37	17	44	
96	94	97	93	70	113	15	69	26	53	
97	95	98	94	
98	96	99	95	81	113	18	
99	97	100	96	39	18	101	8	
100	98	101	97	110	
101	99	102	98	79	15	
102	100	103	99	10	98	
103	101	104	100	5	63	11	9	
104	102	105	101	16	111	30	
105	103	106	102	6	63	36	81	57	
106	104	107	103	
107	105	108	104	
108	106	109	105	35	
109	107	110	106	10	12	
108	111	107	123	71	88	
111	112	108	71	99	
112	110	113	109	103	
113	111	114	110	70	116	123	
114	112	115	111	95	97	
115	113	116	112	63	118	
116	114	117	113	118	50	63	12	
117	115	118	114	112	63	
118	116	119	115	49	
119	117	120	116	115	114	
120	118	121	117	126	122	
121	119	122	118	84	
122	120	123	119	
123	121	124	120	88	119	125	
124	122	125	121	109	62	112	13	27	1	77	
125	123	126	122	63	
126	124	127	123	35	122	
127	125	124	119	78	
126	1	125	3	
