128	663

2	3	127	125	124	
3	1	4	109	83	61	115	
4	2	5	1	7	64	104	22	
5	3	6	2	115	79	100	54	
6	4	7	3	8	
7	5	8	4	24	
8	6	9	5	49	102	3	103	
9	7	10	6	102	5	109	
10	8	11	7	81	48	
11	9	12	8	72	44	
12	10	13	9	21	117	
13	11	14	10	104	48	
14	12	15	11	
15	13	16	12	26	
16	14	17	13	54	
17	15	18	14	28	
18	16	19	15	
19	17	20	16	50	58	
20	18	21	17	83	77	31	46	
21	19	22	18	83	73	95	
22	20	23	19	83	123	126	49	81	24	11	
23	21	24	20	3	126	44	
24	22	25	21	26	
25	23	26	22	6	21	
26	24	27	23	85	
27	25	28	24	14	29	23	30	38	
28	26	29	25	76	
29	27	30	26	16	74	108	
30	28	31	27	108	26	50	58	
31	29	32	28	75	54	74	71	26	77	103	104	69	
32	30	33	29	97	54	81	104	19	107	
33	31	34	30	104	97	82	
34	32	35	31	36	54	
35	33	36	32	40	
36	34	37	33	38	52	40	65	
37	35	38	34	33	
38	36	39	35	124	96	93	
39	37	40	36	115	35	41	26	
40	38	41	37	73	107	
41	39	42	38	34	35	
40	43	39	38	73	42	80	70	
43	44	40	72	41	73	
42	45	41	
45	46	42	10	48	22	
46	44	47	43	75	64	
47	45	48	44	19	
48	46	49	45	116	
49	47	50	46	12	9	44	
50	48	51	47	7	21	96	105	
51	49	52	48	18	102	29	
52	50	53	49	96	92	
53	51	54	50	35	
54	52	55	51	
55	53	56	52	30	31	33	4	117	107	15	
56	54	57	53	91	
57	55	54	91	78	83	118	
58	56	55	
59	57	60	108	29	18	68	
60	58	61	62	127	
61	59	62	58	80	
62	60	63	59	106	65	2	
63	61	64	60	59	
64	62	65	61	66	92	
65	63	66	62	3	67	45	
66	64	67	63	77	61	35	
67	65	68	64	63	
68	66	69	65	123	64	
69	67	70	66	58	
70	68	71	67	83	30	
71	69	72	68	73	41	
72	70	73	69	30	83	
71	74	70	10	42	
74	75	71	70	20	41	39	42	
75	73	76	72	30	28	
76	74	77	73	30	45	
77	75	78	74	105	27	
78	76	79	75	65	19	30	107	
79	77	80	76	56	87	126	
80	78	81	77	82	4	
81	79	82	78	60	92	93	41	94	
82	80	83	79	95	21	9	31	
83	81	84	80	79	32	
84	82	85	81	88	21	20	19	56	2	69	71	
85	83	86	82	108	87	
86	84	87	83	102	101	25	
87	85	88	84	101	
88	86	89	85	84	78	
89	87	90	86	83	127	107	
90	88	91	87	99	
91	89	92	88	
92	90	93	89	103	56	55	
93	91	94	90	80	63	51	
94	92	95	91	80	37	
95	93	96	92	80	
96	94	97	93	98	81	20	
97	95	98	94	51	99	49	37	
98	96	99	95	32	114	31	
99	97	100	96	95	109	114	
100	98	101	97	96	89	117	
101	99	102	98	4	
102	100	103	99	86	85	
103	101	100	105	7	106	8	50	85	
104	102	105	101	91	7	120	30	
105	103	106	32	12	3	31	30	
106	104	107	103	102	49	76	
107	105	108	104	102	61	
108	106	109	105	88	31	54	111	77	39	
109	107	110	106	84	58	29	28	
110	108	111	107	2	98	8	
111	109	112	108	
112	110	113	109	107	
113	111	114	110	124	122	
114	112	115	111	116	
115	113	116	112	97	121	98	
116	114	117	113	4	38	2	
117	115	118	114	113	47	
118	116	115	99	11	54	
119	117	120	116	122	56	
120	118	121	
121	119	122	118	103	124	
122	120	123	119	114	
123	121	124	120	112	118	
124	122	125	121	21	67	
125	123	126	122	37	112	1	120	
126	124	127	123	1	
127	125	124	21	22	78	
126	1	125	88	59	
128	663

2	3	127	125	124	
3	1	4	109	83	61	115	
4	2	5	1	7	64	104	22	
5	3	6	2	115	79	100	54	
6	4	7	3	8	
7	5	8	4	24	
8	6	9	5	49	102	3	103	
9	7	10	6	102	5	109	
10	8	11	7	81	48	
11	9	12	8	72	44	
12	10	13	9	21	117	
13	11	14	10	104	48	
14	12	15	11	
15	13	16	12	26	
16	14	17	13	54	
17	15	18	14	28	
18	16	19	15	
19	17	20	16	50	58	
20	18	21	17	83	77	31	46	
21	19	22	18	83	73	95	
22	20	23	19	83	123	126	49	81	24	11	
23	21	24	20	3	126	44	
24	22	25	21	26	
25	23	26	22	6	21	
26	24	27	23	85	
27	25	28	24	14	29	23	30	38	
28	26	29	25	76	
29	27	30	26	16	74	108	
30	28	31	27	108	26	50	58	
31	29	32	28	75	54	74	71	26	77	103	104	69	
32	30	33	29	97	54	81	104	19	107	
33	31	34	30	104	97	82	
34	32	35	31	36	54	
35	33	36	32	40	
36	34	37	33	38	52	40	65	
37	35	38	34	33	
38	36	39	35	124	96	93	
39	37	40	36	115	35	41	26	
40	38	41	37	73	107	
41	39	42	38	34	35	
40	43	39	38	73	42	80	70	
43	44	40	72	41	73	
42	45	41	
45	46	42	10	48	22	
46	44	47	43	75	64	
47	45	48	44	19	
48	46	49	45	116	
49	47	50	46	12	9	44	
50	48	51	47	7	21	96	105	
51	49	52	48	18	102	29	
52	50	53	49	96	92	
53	51	54	50	35	
54	52	55	51	
55	53	56	52	30	31	33	4	117	107	15	
56	54	57	53	91	
57	55	54	91	78	83	118	
58	56	55	
59	57	60	108	29	18	68	
60	58	61	62	127	
61	59	62	58	80	
62	60	63	59	106	65	2	
63	61	64	60	59	
64	62	65	61	66	92	
65	63	66	62	3	67	45	
66	64	67	63	77	61	35	
67	65	68	64	63	
68	66	69	65	123	64	
69	67	70	66	58	
70	68	71	67	83	30	
71	69	72	68	73	41	
72	70	73	69	30	83	
71	74	70	10	42	
74	75	71	70	20	41	39	42	
75	73	76	72	30	28	
76	74	77	73	30	45	
77	75	78	74	105	27	
78	76	79	75	65	19	30	107	
79	77	80	76	56	87	126	
80	78	81	77	82	4	
81	79	82	78	60	92	93	41	94	
82	80	83	79	95	21	9	31	
83	81	84	80	79	32	
84	82	85	81	88	21	20	19	56	2	69	71	
85	83	86	82	108	87	
86	84	87	83	102	101	25	
87	85	88	84	101	
88	86	89	85	84	78	
89	87	90	86	83	127	107	
90	88	91	87	99	
91	89	92	88	
92	90	93	89	103	56	55	
93	91	94	90	80	63	51	
94	92	95	91	80	37	
95	93	96	92	80	
96	94	97	93	98	81	20	
97	95	98	94	51	99	49	37	
98	96	99	95	32	114	31	
99	97	100	96	95	109	114	
100	98	101	97	96	89	117	
101	99	102	98	4	
102	100	103	99	86	85	
103	101	100	105	7	106	8	50	85	
104	102	105	101	91	7	120	30	
105	103	106	32	12	3	31	30	
106	104	107	103	102	49	76	
107	105	108	104	102	61	
108	106	109	105	88	31	54	111	77	39	
109	107	110	106	84	58	29	28	
110	108	111	107	2	98	8	
111	109	112	108	
112	110	113	109	107	
113	111	114	110	124	122	
114	112	115	111	116	
115	113	116	112	97	121	98	
116	114	117	113	4	38	2	
117	115	118	114	113	47	
118	116	115	99	11	54	
119	117	120	116	122	56	
120	118	121	
121	119	122	118	103	124	
122	120	123	119	114	
123	121	124	120	112	118	
124	122	125	121	21	67	
125	123	126	122	37	112	1	120	
126	124	127	123	1	
127	125	124	21	22	78	
126	1	125	88	59	
