128	662

2	3	127	106	47	64	
3	1	4	
4	2	5	1	123	
5	3	6	2	56	49	
6	4	7	3	104	
7	5	8	4	49	47	99	104	35	
8	6	9	5	41	85	
9	7	10	6	
10	8	11	7	104	77	75	
11	9	12	8	119	98	
12	10	13	9	99	54	101	119	
13	11	14	10	109	81	119	43	
14	12	11	101	100	25	73	
15	13	16	12	92	17	
16	14	17	19	85	18	32	
17	15	18	14	113	124	27	
18	16	19	15	14	59	
19	17	20	16	86	116	85	15	94	
20	18	21	17	57	76	15	45	
21	19	22	18	99	
22	20	23	19	54	
23	21	24	20	127	46	
24	22	25	21	27	
25	23	26	22	54	112	127	
26	24	27	23	36	85	62	13	39	
27	25	28	24	34	
28	26	29	25	46	47	66	23	16	
29	27	30	26	66	91	
30	28	31	27	
31	29	32	28	
32	30	33	29	39	
33	31	34	30	15	116	
34	32	35	31	63	93	98	65	
35	33	36	32	40	26	42	
36	34	37	33	40	98	6	
37	35	38	34	25	42	
38	36	39	35	117	
39	37	40	36	41	
40	38	41	37	89	25	100	31	
41	39	42	38	35	34	121	
42	40	43	39	45	7	44	38	
43	41	44	40	79	75	36	56	54	77	34	
44	42	45	41	12	
45	43	46	42	41	
46	44	47	43	41	64	48	19	
47	45	48	44	27	22	61	
48	46	49	45	80	6	27	127	121	1	120	59	
49	47	50	46	45	
50	48	51	47	6	61	127	4	56	63	
51	49	52	48	
52	50	53	49	
53	51	54	50	89	
54	52	55	51	70	106	
55	53	56	52	79	24	11	21	42	68	
54	57	53	68	58	
57	58	54	59	4	94	42	61	49	
58	56	59	55	19	125	
59	57	60	56	74	55	
60	58	61	57	56	94	17	76	47	
61	59	62	58	116	104	
62	60	63	59	104	49	56	64	46	
63	61	64	60	75	25	127	
64	62	65	61	33	49	68	
65	63	66	62	72	45	61	1	
66	64	67	63	68	33	72	114	
67	65	68	64	27	123	28	
68	66	69	65	71	
69	67	70	66	65	55	63	54	
70	68	71	67	
71	69	72	68	125	53	
72	70	73	69	67	
73	71	74	70	76	64	65	
74	72	75	71	126	13	100	
75	73	76	72	58	79	
76	74	77	73	62	42	9	
77	75	78	74	72	19	87	59	81	
78	76	79	75	96	9	42	93	
79	77	80	76	119	
80	78	81	77	42	54	74	
81	79	82	78	47	
82	80	83	79	87	12	84	76	
83	81	84	80	126	100	
84	82	85	81	
83	86	82	93	81	
86	87	83	25	18	15	7	
87	85	88	84	18	
88	86	89	85	81	91	76	
89	87	90	86	
88	91	87	39	52	112	103	
91	92	88	
92	90	93	89	87	28	
93	91	94	90	14	
94	92	95	91	33	84	77	
95	93	96	92	56	59	18	
96	94	97	93	120	
97	95	98	94	77	106	
98	96	99	95	
99	97	100	96	33	35	10	
100	98	101	97	106	107	11	6	20	
101	99	102	98	126	13	82	39	73	
102	100	103	99	13	11	119	
103	101	104	100	
104	102	105	101	107	109	89	
105	103	106	102	61	5	9	6	60	
106	104	107	103	
107	105	108	104	99	1	53	96	
108	106	109	105	99	103	
109	107	110	106	
110	108	111	107	12	103	
111	109	112	108	
112	110	113	109	115	
113	111	114	110	89	24	
114	112	115	111	16	116	
115	113	116	112	65	
116	114	117	113	111	
117	115	118	114	18	60	113	32	
118	116	119	115	37	
119	117	120	116	
120	118	121	117	11	78	101	12	10	
121	119	122	118	47	95	
122	120	123	119	47	40	
123	121	124	120	126	125	
124	122	125	121	3	66	
125	123	126	122	16	
126	124	127	123	70	57	122	
127	125	124	100	122	82	73	
126	1	125	47	49	22	24	62	
128	662

2	3	127	106	47	64	
3	1	4	
4	2	5	1	123	
5	3	6	2	56	49	
6	4	7	3	104	
7	5	8	4	49	47	99	104	35	
8	6	9	5	41	85	
9	7	10	6	
10	8	11	7	104	77	75	
11	9	12	8	119	98	
12	10	13	9	99	54	101	119	
13	11	14	10	109	81	119	43	
14	12	11	101	100	25	73	
15	13	16	12	92	17	
16	14	17	19	85	18	32	
17	15	18	14	113	124	27	
18	16	19	15	14	59	
19	17	20	16	86	116	85	15	94	
20	18	21	17	57	76	15	45	
21	19	22	18	99	
22	20	23	19	54	
23	21	24	20	127	46	
24	22	25	21	27	
25	23	26	22	54	112	127	
26	24	27	23	36	85	62	13	39	
27	25	28	24	34	
28	26	29	25	46	47	66	23	16	
29	27	30	26	66	91	
30	28	31	27	
31	29	32	28	
32	30	33	29	39	
33	31	34	30	15	116	
34	32	35	31	63	93	98	65	
35	33	36	32	40	26	42	
36	34	37	33	40	98	6	
37	35	38	34	25	42	
38	36	39	35	117	
39	37	40	36	41	
40	38	41	37	89	25	100	31	
41	39	42	38	35	34	121	
42	40	43	39	45	7	44	38	
43	41	44	40	79	75	36	56	54	77	34	
44	42	45	41	12	
45	43	46	42	41	
46	44	47	43	41	64	48	19	
47	45	48	44	27	22	61	
48	46	49	45	80	6	27	127	121	1	120	59	
49	47	50	46	45	
50	48	51	47	6	61	127	4	56	63	
51	49	52	48	
52	50	53	49	
53	51	54	50	89	
54	52	55	51	70	106	
55	53	56	52	79	24	11	21	42	68	
54	57	53	68	58	
57	58	54	59	4	94	42	61	49	
58	56	59	55	19	125	
59	57	60	56	74	55	
60	58	61	57	56	94	17	76	47	
61	59	62	58	116	104	
62	60	63	59	104	49	56	64	46	
63	61	64	60	75	25	127	
64	62	65	61	33	49	68	
65	63	66	62	72	45	61	1	
66	64	67	63	68	33	72	114	
67	65	68	64	27	123	28	
68	66	69	65	71	
69	67	70	66	65	55	63	54	
70	68	71	67	
71	69	72	68	125	53	
72	70	73	69	67	
73	71	74	70	76	64	65	
74	72	75	71	126	13	100	
75	73	76	72	58	79	
76	74	77	73	62	42	9	
77	75	78	74	72	19	87	59	81	
78	76	79	75	96	9	42	93	
79	77	80	76	119	
80	78	81	77	42	54	74	
81	79	82	78	47	
82	80	83	79	87	12	84	76	
83	81	84	80	126	100	
84	82	85	81	
83	86	82	93	81	
86	87	83	25	18	15	7	
87	85	88	84	18	
88	86	89	85	81	91	76	
89	87	90	86	
88	91	87	39	52	112	103	
91	92	88	
92	90	93	89	87	28	
93	91	94	90	14	
94	92	95	91	33	84	77	
95	93	96	92	56	59	18	
96	94	97	93	120	
97	95	98	94	77	106	
98	96	99	95	
99	97	100	96	33	35	10	
100	98	101	97	106	107	11	6	20	
101	99	102	98	126	13	82	39	73	
102	100	103	99	13	11	119	
103	101	104	100	
104	102	105	101	107	109	89	
105	103	106	102	61	5	9	6	60	
106	104	107	103	
107	105	108	104	99	1	53	96	
108	106	109	105	99	103	
109	107	110	106	
110	108	111	107	12	103	
111	109	112	108	
112	110	113	109	115	
113	111	114	110	89	24	
114	112	115	111	16	116	
115	113	116	112	65	
116	114	117	113	111	
117	115	118	114	18	60	113	32	
118	116	119	115	37	
119	117	120	116	
120	118	121	117	11	78	101	12	10	
121	119	122	118	47	95	
122	120	123	119	47	40	
123	121	124	120	126	125	
124	122	125	121	3	66	
125	123	126	122	16	
126	124	127	123	70	57	122	
127	125	124	100	122	82	73	
126	1	125	47	49	22	24	62	
128	678
1	127	2	126	
2	0	3	127	107	
3	1	4	0	126	103	
4	2	5	1	69	32	
5	3	6	2	52	92	63	86	
6	4	7	3	52	73	
7	5	8	4	52	
8	6	9	5	98	
9	7	10	6	27	105	
10	8	11	7	13	
11	9	12	8	91	64	
12	10	13	9	117	46	96	
13	11	10	31	64	29	62	
14	12	15	11	49	73	9	
15	13	16	114	
16	14	17	13	21	
17	15	18	14	26	96	
18	16	19	15	34	28	
19	17	20	16	95	21	
20	18	21	17	63	32	51	
21	19	22	18	72	
22	20	23	19	18	15	
23	21	24	20	106	44	
24	22	25	21	60	107	79	
25	23	26	22	79	
26	24	27	23	124	123	51	29	
27	25	28	24	35	96	16	
28	26	29	25	108	8	87	123	39	
29	27	30	26	108	43	17	121	
30	28	31	27	116	121	12	94	92	25	
31	29	32	28	
32	30	33	29	12	
33	31	34	30	19	45	102	3	
34	32	35	31	42	58	
35	33	36	32	17	54	
36	34	37	33	96	83	97	26	88	122	62	
37	35	38	34	83	109	72	
38	36	39	35	40	53	
39	37	40	36	
40	38	41	37	111	27	
41	39	42	38	66	37	111	
42	40	43	39	86	
43	41	44	40	33	
44	42	45	41	28	56	
45	43	46	42	22	99	47	102	90	
44	47	43	56	32	
47	48	44	11	104	
48	46	49	45	44	
49	47	50	46	56	
50	48	51	47	13	63	
51	49	52	48	
52	50	53	49	120	110	25	77	19	105	
53	51	54	50	4	5	6	91	123	
54	52	55	51	37	
55	53	56	52	75	34	86	
56	54	57	53	90	125	
57	55	58	54	45	59	43	79	90	127	48	
58	56	59	55	93	75	92	
59	57	60	56	33	68	99	93	
60	58	61	57	56	79	
61	59	62	58	23	110	115	109	79	72	
62	60	63	59	110	
63	61	64	60	12	35	
64	62	65	61	19	118	67	49	4	66	
65	63	66	62	114	12	79	10	
66	64	67	63	
67	65	68	64	40	63	
68	66	69	65	63	127	
69	67	70	66	84	58	86	87	125	
70	68	71	67	3	
71	69	72	68	87	
72	70	73	69	75	
73	71	74	70	86	20	101	36	60	
74	72	75	71	5	13	
75	73	76	72	117	114	78	
76	74	77	73	71	54	57	
77	75	78	74	
78	76	79	75	51	
79	77	80	76	74	113	
80	78	81	77	56	59	64	24	123	60	23	
81	79	82	78	103	
82	80	83	79	116	121	
83	81	84	80	120	
84	82	85	81	36	35	109	120	
85	83	86	82	68	89	
86	84	87	83	88	
87	85	88	84	68	72	41	4	89	113	54	102	
88	86	89	85	27	70	68	124	
89	87	90	86	85	35	
90	88	91	87	102	84	92	86	
91	89	92	88	55	103	44	56	
92	90	89	94	111	115	52	10	
93	91	94	90	4	57	89	29	
94	92	95	57	58	
95	93	96	92	91	97	29	
96	94	97	93	18	
97	95	98	94	35	26	127	11	16	
98	96	99	95	94	35	100	117	
99	97	100	96	124	117	7	
100	98	101	97	44	102	58	
101	99	102	98	97	
102	100	103	99	121	72	123	
103	101	104	100	89	99	44	32	86	
104	102	105	101	90	80	2	
105	103	106	102	46	
106	104	107	103	8	51	
107	105	108	104	22	
108	106	109	105	1	23	
109	107	110	106	27	28	111	
110	108	111	107	36	83	60	
111	109	112	108	60	51	61	
112	110	113	109	108	91	39	115	40	
113	111	114	110	
114	112	115	111	78	86	
115	113	116	112	64	74	14	
116	114	117	113	91	111	60	
117	115	118	114	29	81	
118	116	119	115	74	98	11	97	
119	117	120	116	63	
120	118	121	117	
121	119	122	118	51	82	124	83	
122	120	123	119	125	29	28	127	101	81	
123	121	124	120	35	
124	122	125	121	25	27	52	79	101	
125	123	126	122	98	25	87	120	
126	124	127	123	121	68	55	
127	125	0	124	2	
0	126	1	125	121	56	96	67	
128	680
1	127	2	126	11	34	
2	0	3	127	5	24	110	16	
3	1	4	0	11	20	
4	2	5	1	7	44	49	
5	3	6	2	119	120	110	33	
6	4	7	3	1	99	66	
7	5	8	4	61	
8	6	9	5	104	3	
9	7	6	80	82	
10	8	11	7	64	12	96	106	
11	9	
12	10	13	9	2	0	47	105	14	
13	11	14	9	105	
14	12	15	11	26	90	17	
15	13	16	12	123	11	
16	14	17	13	
17	15	18	14	19	1	
18	16	19	15	13	
19	17	16	100	
20	18	21	17	23	16	125	
21	19	27	85	2	51	61	53	
22	20	23	19	123	
23	21	24	25	64	53	
24	22	25	21	19	54	26	69	100	
25	23	26	22	92	1	29	
26	24	27	23	22	41	
27	25	28	24	13	23	110	68	113	
28	26	29	25	20	113	121	
29	27	30	26	70	66	
30	28	31	27	24	111	58	127	101	
31	29	32	28	
32	30	33	29	118	120	
33	31	34	30	121	67	126	
34	32	35	31	54	4	59	
35	33	36	32	111	78	116	38	0	
36	34	37	33	38	
37	35	38	34	
38	36	39	35	
39	37	40	36	35	34	56	
40	38	41	37	99	113	53	66	
41	39	42	38	47	43	
42	40	43	39	25	
43	41	44	40	86	
44	42	45	41	122	47	75	40	
45	43	46	42	124	3	81	
46	44	47	43	122	67	116	68	
47	45	48	44	58	86	
48	46	49	45	82	40	43	105	11	53	116	
49	47	50	46	93	
50	48	51	47	3	
51	49	52	48	104	53	127	
52	50	53	49	20	99	
53	51	54	50	114	
54	52	55	51	67	50	47	22	39	20	106	
55	53	56	52	63	23	119	65	122	33	
56	54	57	53	67	80	
57	55	58	54	109	96	38	
58	56	59	55	103	113	
59	57	56	62	89	60	46	108	29	84	
60	58	61	57	113	33	
61	59	62	87	58	82	
62	60	63	59	6	73	20	
63	61	64	60	58	68	108	
64	62	65	61	101	54	91	
65	63	62	126	67	109	9	22	
66	64	67	63	68	54	94	
67	65	68	28	5	39	
68	66	65	55	45	107	64	53	32	122	
69	67	66	62	65	26	45	
70	68	71	94	108	112	23	116	96	91	
71	69	72	28	125	
72	70	73	69	109	75	
73	71	74	70	75	
74	72	75	71	61	
75	73	76	72	
76	74	77	73	78	43	72	71	
77	75	78	74	
78	76	79	75	125	
79	77	80	76	34	75	82	
80	78	81	77	99	100	
81	79	82	78	55	8	112	
82	80	83	79	109	44	
83	81	84	80	47	60	8	78	
84	82	85	81	96	95	109	
85	83	86	82	58	
86	84	87	83	20	
87	85	88	84	42	46	
88	86	85	90	60	
89	87	90	86	97	
90	88	91	97	58	108	
91	89	92	88	87	13	93	
92	90	93	89	96	63	118	69	98	
93	91	94	90	24	
94	92	95	91	90	97	48	
95	93	96	92	69	124	109	65	
94	97	93	110	83	127	
97	98	94	83	91	126	9	69	56	121	
98	96	99	95	89	88	93	
99	97	100	96	91	
100	98	101	97	5	39	79	51	
101	99	102	98	18	23	79	
102	100	103	99	63	104	29	
103	101	104	100	106	
104	102	105	101	106	57	109	
105	103	106	102	7	101	50	
106	104	107	103	47	11	12	
107	105	108	104	103	102	9	53	
106	109	105	67	
109	110	106	112	118	69	89	58	114	62	
110	108	111	107	56	71	81	94	64	103	83	
111	109	112	108	95	4	26	1	
112	110	113	109	34	29	
113	111	114	110	108	69	80	
114	112	115	111	27	59	57	39	26	
115	113	116	112	52	108	
116	114	117	113	
117	115	118	114	34	69	45	47	
118	116	119	115	
119	117	120	116	108	31	91	
120	118	121	117	4	54	
121	119	122	118	4	31	
122	120	123	119	126	27	32	96	124	
121	124	120	45	43	54	67	
124	125	121	14	21	
125	123	126	122	94	44	121	
124	127	123	70	19	77	
127	0	124	121	64	96	32	
0	126	1	125	95	50	29	
