128	652

2	3	127	4	57	66	
3	1	4	94	119	88	9	
4	2	5	1	
5	3	6	2	49	16	1	8	7	48	32	14	
6	4	7	3	83	80	36	
7	5	8	4	
8	6	9	5	4	66	
9	7	10	6	87	4	27	98	11	107	
10	8	11	7	119	112	2	
11	9	12	8	98	83	84	110	27	
12	10	13	9	55	8	
13	11	14	10	
14	12	15	11	48	112	
15	13	16	12	115	100	102	68	4	
16	14	17	13	125	78	35	36	103	46	
17	15	18	14	4	22	25	
18	16	19	15	119	32	
19	17	20	16	106	48	49	
20	18	21	17	126	81	
21	19	22	18	28	73	35	117	
22	20	23	19	52	124	122	
23	21	24	20	16	25	116	
24	22	25	21	122	
25	23	26	22	92	
26	24	27	23	55	22	16	
27	25	28	24	118	66	
28	26	29	25	8	89	10	
29	27	30	26	20	55	90	126	
30	28	31	27	89	
31	29	32	28	52	
32	30	33	29	107	48	
33	31	34	30	36	4	17	
34	32	35	31	
35	33	36	32	109	75	37	66	71	
36	34	37	33	20	15	
37	35	38	34	32	103	84	40	15	91	5	110	
38	36	39	35	34	
39	37	40	36	41	127	110	
40	38	41	37	69	50	42	
41	39	42	38	36	
42	40	43	39	38	103	
43	41	44	40	39	
44	42	45	41	
45	43	46	42	122	114	65	96	57	
46	44	47	43	81	48	
47	45	48	44	50	15	56	
48	46	49	45	
49	47	50	46	13	45	18	4	31	
50	48	51	47	66	4	18	
51	49	52	48	46	39	
52	50	53	49	69	117	
53	51	54	50	55	30	21	104	
54	52	55	51	
55	53	56	52	82	
56	54	57	53	52	25	28	11	
57	55	58	54	74	46	
58	56	59	55	127	1	44	
59	57	60	56	
60	58	61	57	
61	59	62	58	
62	60	63	59	78	
63	61	64	60	126	
64	62	65	61	82	67	
65	63	66	62	
66	64	67	63	44	
67	65	68	64	49	34	1	7	26	
68	66	69	65	63	71	
69	67	70	66	99	14	
70	68	71	67	81	51	39	
71	69	72	68	94	86	
72	70	73	69	75	67	34	
73	71	70	119	
74	72	75	71	20	88	96	
75	73	76	86	56	
76	74	77	73	79	34	71	
77	75	78	74	111	
78	76	79	75	
79	77	80	76	15	61	
80	78	81	77	75	104	92	
81	79	82	78	5	
80	83	79	45	69	19	
83	84	80	54	86	63	
84	82	85	81	5	10	96	
85	83	86	82	36	10	
86	84	87	83	111	
87	85	88	84	89	82	74	70	
88	86	89	85	8	101	111	126	
89	87	90	86	122	73	2	
90	88	91	87	86	27	29	
91	89	92	88	93	28	102	
92	90	93	89	36	
93	91	94	90	24	79	
94	92	95	91	96	90	
95	93	96	92	2	70	
96	94	97	93	
97	95	98	94	93	99	73	44	83	
98	96	99	95	
99	97	100	96	10	116	8	108	
100	98	101	97	96	68	
101	99	102	98	14	
102	100	103	99	87	
103	101	104	100	14	90	
104	102	105	101	36	41	107	15	
105	103	106	102	119	79	52	
106	104	107	103	
107	105	108	104	18	
108	106	109	105	31	103	8	
109	107	110	106	98	
110	108	111	107	34	
111	109	112	108	38	113	36	10	
112	110	113	109	85	76	87	
113	111	114	110	9	13	
114	112	115	111	110	123	
115	113	116	112	44	
116	114	117	113	14	118	
117	115	118	114	98	22	
118	116	119	115	51	20	
119	117	120	116	123	115	26	
118	121	117	17	104	2	9	72	
121	122	118	
122	120	123	119	
123	121	124	120	44	88	21	23	
124	122	125	121	118	113	
125	123	126	122	21	
126	124	127	123	15	
127	125	124	19	62	28	87	
126	1	125	57	38	
128	652

2	3	127	4	57	66	
3	1	4	94	119	88	9	
4	2	5	1	
5	3	6	2	49	16	1	8	7	48	32	14	
6	4	7	3	83	80	36	
7	5	8	4	
8	6	9	5	4	66	
9	7	10	6	87	4	27	98	11	107	
10	8	11	7	119	112	2	
11	9	12	8	98	83	84	110	27	
12	10	13	9	55	8	
13	11	14	10	
14	12	15	11	48	112	
15	13	16	12	115	100	102	68	4	
16	14	17	13	125	78	35	36	103	46	
17	15	18	14	4	22	25	
18	16	19	15	119	32	
19	17	20	16	106	48	49	
20	18	21	17	126	81	
21	19	22	18	28	73	35	117	
22	20	23	19	52	124	122	
23	21	24	20	16	25	116	
24	22	25	21	122	
25	23	26	22	92	
26	24	27	23	55	22	16	
27	25	28	24	118	66	
28	26	29	25	8	89	10	
29	27	30	26	20	55	90	126	
30	28	31	27	89	
31	29	32	28	52	
32	30	33	29	107	48	
33	31	34	30	36	4	17	
34	32	35	31	
35	33	36	32	109	75	37	66	71	
36	34	37	33	20	15	
37	35	38	34	32	103	84	40	15	91	5	110	
38	36	39	35	34	
39	37	40	36	41	127	110	
40	38	41	37	69	50	42	
41	39	42	38	36	
42	40	43	39	38	103	
43	41	44	40	39	
44	42	45	41	
45	43	46	42	122	114	65	96	57	
46	44	47	43	81	48	
47	45	48	44	50	15	56	
48	46	49	45	
49	47	50	46	13	45	18	4	31	
50	48	51	47	66	4	18	
51	49	52	48	46	39	
52	50	53	49	69	117	
53	51	54	50	55	30	21	104	
54	52	55	51	
55	53	56	52	82	
56	54	57	53	52	25	28	11	
57	55	58	54	74	46	
58	56	59	55	127	1	44	
59	57	60	56	
60	58	61	57	
61	59	62	58	
62	60	63	59	78	
63	61	64	60	126	
64	62	65	61	82	67	
65	63	66	62	
66	64	67	63	44	
67	65	68	64	49	34	1	7	26	
68	66	69	65	63	71	
69	67	70	66	99	14	
70	68	71	67	81	51	39	
71	69	72	68	94	86	
72	70	73	69	75	67	34	
73	71	70	119	
74	72	75	71	20	88	96	
75	73	76	86	56	
76	74	77	73	79	34	71	
77	75	78	74	111	
78	76	79	75	
79	77	80	76	15	61	
80	78	81	77	75	104	92	
81	79	82	78	5	
80	83	79	45	69	19	
83	84	80	54	86	63	
84	82	85	81	5	10	96	
85	83	86	82	36	10	
86	84	87	83	111	
87	85	88	84	89	82	74	70	
88	86	89	85	8	101	111	126	
89	87	90	86	122	73	2	
90	88	91	87	86	27	29	
91	89	92	88	93	28	102	
92	90	93	89	36	
93	91	94	90	24	79	
94	92	95	91	96	90	
95	93	96	92	2	70	
96	94	97	93	
97	95	98	94	93	99	73	44	83	
98	96	99	95	
99	97	100	96	10	116	8	108	
100	98	101	97	96	68	
101	99	102	98	14	
102	100	103	99	87	
103	101	104	100	14	90	
104	102	105	101	36	41	107	15	
105	103	106	102	119	79	52	
106	104	107	103	
107	105	108	104	18	
108	106	109	105	31	103	8	
109	107	110	106	98	
110	108	111	107	34	
111	109	112	108	38	113	36	10	
112	110	113	109	85	76	87	
113	111	114	110	9	13	
114	112	115	111	110	123	
115	113	116	112	44	
116	114	117	113	14	118	
117	115	118	114	98	22	
118	116	119	115	51	20	
119	117	120	116	123	115	26	
118	121	117	17	104	2	9	72	
121	122	118	
122	120	123	119	
123	121	124	120	44	88	21	23	
124	122	125	121	118	113	
125	123	126	122	21	
126	124	127	123	15	
127	125	124	19	62	28	87	
126	1	125	57	38	
128	703
1	127	2	126	54	
2	0	3	127	
3	1	4	0	49	50	119	116	121	
4	2	5	1	55	32	100	79	
5	3	6	2	21	97	70	81	95	91	
6	4	7	3	103	121	104	86	
7	5	8	4	105	31	42	
8	6	9	5	109	11	61	10	
9	7	10	6	27	11	
10	8	11	7	69	83	
11	9	12	8	7	
12	10	13	9	7	8	
13	11	14	10	30	16	
14	12	15	11	58	26	
15	13	16	12	20	
16	14	17	13	57	102	
17	15	18	14	12	79	51	
16	19	15	67	51	21	99	45	
19	20	16	68	114	
20	18	21	17	109	93	100	
21	19	22	18	14	83	89	
22	20	23	19	4	17	120	100	65	25	
23	21	24	20	28	
24	22	25	21	26	100	46	44	
25	23	26	22	112	
26	24	27	23	21	
27	25	28	24	23	13	
28	26	29	25	88	8	73	30	
29	27	30	26	123	69	83	22	
30	28	31	27	69	
31	29	32	28	12	33	27	
32	30	33	29	73	6	
33	31	34	30	79	127	92	3	72	
34	32	35	31	30	75	119	
35	33	36	32	73	55	38	
36	34	37	33	67	112	109	118	
37	35	38	34	41	77	74	
38	36	39	35	125	40	41	126	
39	37	40	36	77	34	90	
40	38	41	37	95	
41	39	38	37	44	43	61	
42	40	43	39	36	44	126	46	95	37	102	
43	41	103	6	93	
44	42	45	41	48	40	
45	43	46	48	55	40	41	105	76	23	
46	44	47	43	49	116	51	17	
47	45	48	44	41	76	49	77	60	23	
48	46	49	45	109	86	69	
49	47	50	46	44	43	80	120	
50	48	51	47	2	45	52	46	99	74	
51	49	52	48	2	
52	50	53	49	17	45	16	
53	51	54	50	49	119	110	117	
54	52	55	51	64	57	
55	53	56	52	0	67	66	
56	54	57	53	44	67	34	3	
57	55	58	54	107	104	83	
58	56	59	55	102	15	53	64	
59	57	60	56	126	13	107	104	
60	58	61	57	
61	59	62	58	46	
62	60	63	59	7	123	82	40	
63	61	64	60	105	
64	62	65	61	123	
65	63	66	62	53	97	57	
66	64	67	63	116	21	
67	65	68	64	54	
66	69	65	17	55	35	54	70	97	
69	70	66	18	71	109	84	
70	68	71	67	9	79	28	81	83	47	126	29	
71	69	72	68	4	67	109	
72	70	73	69	68	126	
73	71	74	70	125	77	32	
74	72	75	71	34	76	27	31	123	88	125	
75	73	76	72	36	49	
76	74	77	73	33	
77	75	78	74	73	46	44	
78	76	79	75	38	36	46	72	
79	77	80	76	127	81	
80	78	81	77	32	69	127	83	3	16	
81	79	82	78	83	90	48	117	115	
82	80	83	79	4	69	78	
83	81	84	80	61	
84	82	85	81	80	114	20	28	79	69	87	9	56	
85	83	86	82	90	68	
86	84	87	83	
87	85	88	84	103	47	5	96	
88	86	89	85	83	
89	87	90	86	27	73	
90	88	91	87	20	
91	89	92	88	103	84	80	38	93	
92	90	93	89	103	4	
93	91	94	90	126	103	32	
94	92	95	91	19	90	42	100	103	
95	93	96	92	
96	94	97	93	109	41	4	39	
97	95	98	94	86	
98	96	99	95	4	64	67	
99	97	100	96	
100	98	101	97	49	17	
101	99	102	98	21	23	3	19	93	
102	100	103	99	118	119	
103	101	104	100	105	122	57	15	41	
104	102	101	90	5	92	86	91	42	93	
105	103	106	102	126	5	124	58	56	
106	104	107	102	62	6	44	113	
107	105	108	104	
108	106	109	105	56	58	
109	107	110	106	112	
110	108	111	107	7	19	95	47	68	70	35	
111	109	112	108	52	
112	110	113	109	
113	111	114	110	108	24	35	
114	112	115	111	105	
115	113	116	112	18	83	125	
116	114	117	113	80	119	
117	115	118	114	45	65	2	
118	116	119	115	120	52	80	
119	117	120	116	101	35	
120	118	121	117	52	122	2	101	33	115	
121	119	122	118	21	117	48	
122	120	123	119	5	2	
123	121	124	120	119	102	
124	122	125	121	61	28	63	73	
125	123	126	122	104	
126	124	127	123	37	72	114	73	
127	125	0	124	104	58	41	92	37	69	71	
0	126	1	125	78	32	79	
