128	656

2	3	127	28	50	
3	1	4	101	
4	2	5	1	8	15	
5	3	6	2	33	99	
6	4	7	3	82	55	126	
7	5	8	4	36	24	84	
8	6	9	5	40	125	124	41	
9	7	10	6	3	92	
10	8	11	7	89	77	67	39	98	
11	9	8	48	72	
12	10	13	9	35	89	
13	11	14	49	
14	12	15	11	28	
15	13	16	12	99	40	46	52	
14	17	13	83	3	
17	18	14	47	46	
18	16	19	15	
19	17	20	16	
20	18	21	17	90	75	79	77	
21	19	22	18	75	67	
22	20	23	19	
23	21	24	20	44	26	67	
24	22	25	21	26	52	
25	23	26	22	72	80	61	6	
26	24	27	23	86	53	87	51	123	
27	25	28	24	22	23	64	67	40	
28	26	29	25	123	
29	27	26	100	1	13	
30	28	31	27	91	78	
31	29	32	102	34	52	
32	30	33	29	
33	31	34	30	35	123	82	118	84	
34	32	35	31	84	4	41	
35	33	36	32	30	52	84	66	
36	34	37	33	118	32	11	72	
37	35	38	34	85	109	93	6	95	
38	36	39	35	72	59	
39	37	40	36	
40	38	41	37	98	9	
41	39	42	38	14	7	43	84	26	
42	40	43	39	33	7	
43	41	44	40	45	78	
44	42	45	41	40	
43	46	42	48	22	93	
46	47	43	42	77	
47	45	48	44	70	16	14	
48	46	49	45	50	16	93	86	114	
49	47	50	46	44	10	77	
50	48	51	47	12	
51	49	52	48	110	47	1	53	
52	50	53	49	64	70	25	
53	51	54	50	121	30	34	23	14	
54	52	55	51	82	50	123	25	113	63	
55	53	56	52	57	
56	54	57	53	76	100	119	82	5	
57	55	58	54	
58	56	59	55	54	95	
59	57	60	56	103	
60	58	61	57	37	
61	59	62	58	104	87	119	
62	60	63	59	24	115	
63	61	60	101	
64	62	65	61	53	
65	63	66	51	75	26	
66	64	67	63	75	
67	65	68	64	89	34	
68	66	69	65	75	22	73	9	26	20	
69	67	70	66	
70	68	71	67	91	
71	69	72	68	46	102	51	
72	70	73	69	96	
73	71	74	70	24	37	10	35	
74	72	75	71	118	67	91	92	114	
75	73	76	72	
76	74	77	73	19	67	65	119	64	20	126	117	
77	75	78	74	55	96	
78	76	79	75	9	48	19	45	
79	77	80	76	87	29	92	88	42	
80	78	81	77	19	
81	79	82	78	24	118	
82	80	83	79	91	
83	81	84	80	53	32	5	55	
84	82	85	81	118	15	103	107	
85	83	86	82	33	32	34	6	40	
86	84	87	83	36	103	
87	85	88	84	47	25	
88	86	89	85	78	25	60	
89	87	90	86	91	118	78	
90	88	91	87	9	66	11	
91	89	92	88	19	
92	90	93	89	81	69	29	73	88	
93	91	94	90	103	73	78	8	
94	92	95	91	36	47	44	
95	93	96	92	
96	94	97	93	36	57	
97	95	98	94	71	76	
98	96	99	95	
99	97	100	96	39	9	
100	98	101	97	14	4	
101	99	98	28	55	
102	100	103	99	62	2	
103	101	104	70	30	
104	102	105	101	92	58	83	85	
105	103	106	102	60	127	119	
106	104	107	103	
107	105	108	104	118	
108	106	109	105	123	83	
109	107	110	106	
110	108	111	107	36	
111	109	112	108	50	
112	110	113	109	
113	111	114	110	
114	112	115	111	53	117	
115	113	116	112	73	118	47	
116	114	117	113	61	
117	115	118	114	120	
118	116	119	115	75	113	
119	117	120	116	35	83	73	121	106	80	32	114	88	
120	118	121	117	75	55	126	60	104	
121	119	122	118	116	
122	120	123	119	118	52	
123	121	124	120	
124	122	125	121	27	32	53	107	25	
125	123	126	122	7	
126	124	123	7	
127	125	124	75	119	5	
126	1	104	
128	656

2	3	127	28	50	
3	1	4	101	
4	2	5	1	8	15	
5	3	6	2	33	99	
6	4	7	3	82	55	126	
7	5	8	4	36	24	84	
8	6	9	5	40	125	124	41	
9	7	10	6	3	92	
10	8	11	7	89	77	67	39	98	
11	9	8	48	72	
12	10	13	9	35	89	
13	11	14	49	
14	12	15	11	28	
15	13	16	12	99	40	46	52	
14	17	13	83	3	
17	18	14	47	46	
18	16	19	15	
19	17	20	16	
20	18	21	17	90	75	79	77	
21	19	22	18	75	67	
22	20	23	19	
23	21	24	20	44	26	67	
24	22	25	21	26	52	
25	23	26	22	72	80	61	6	
26	24	27	23	86	53	87	51	123	
27	25	28	24	22	23	64	67	40	
28	26	29	25	123	
29	27	26	100	1	13	
30	28	31	27	91	78	
31	29	32	102	34	52	
32	30	33	29	
33	31	34	30	35	123	82	118	84	
34	32	35	31	84	4	41	
35	33	36	32	30	52	84	66	
36	34	37	33	118	32	11	72	
37	35	38	34	85	109	93	6	95	
38	36	39	35	72	59	
39	37	40	36	
40	38	41	37	98	9	
41	39	42	38	14	7	43	84	26	
42	40	43	39	33	7	
43	41	44	40	45	78	
44	42	45	41	40	
43	46	42	48	22	93	
46	47	43	42	77	
47	45	48	44	70	16	14	
48	46	49	45	50	16	93	86	114	
49	47	50	46	44	10	77	
50	48	51	47	12	
51	49	52	48	110	47	1	53	
52	50	53	49	64	70	25	
53	51	54	50	121	30	34	23	14	
54	52	55	51	82	50	123	25	113	63	
55	53	56	52	57	
56	54	57	53	76	100	119	82	5	
57	55	58	54	
58	56	59	55	54	95	
59	57	60	56	103	
60	58	61	57	37	
61	59	62	58	104	87	119	
62	60	63	59	24	115	
63	61	60	101	
64	62	65	61	53	
65	63	66	51	75	26	
66	64	67	63	75	
67	65	68	64	89	34	
68	66	69	65	75	22	73	9	26	20	
69	67	70	66	
70	68	71	67	91	
71	69	72	68	46	102	51	
72	70	73	69	96	
73	71	74	70	24	37	10	35	
74	72	75	71	118	67	91	92	114	
75	73	76	72	
76	74	77	73	19	67	65	119	64	20	126	117	
77	75	78	74	55	96	
78	76	79	75	9	48	19	45	
79	77	80	76	87	29	92	88	42	
80	78	81	77	19	
81	79	82	78	24	118	
82	80	83	79	91	
83	81	84	80	53	32	5	55	
84	82	85	81	118	15	103	107	
85	83	86	82	33	32	34	6	40	
86	84	87	83	36	103	
87	85	88	84	47	25	
88	86	89	85	78	25	60	
89	87	90	86	91	118	78	
90	88	91	87	9	66	11	
91	89	92	88	19	
92	90	93	89	81	69	29	73	88	
93	91	94	90	103	73	78	8	
94	92	95	91	36	47	44	
95	93	96	92	
96	94	97	93	36	57	
97	95	98	94	71	76	
98	96	99	95	
99	97	100	96	39	9	
100	98	101	97	14	4	
101	99	98	28	55	
102	100	103	99	62	2	
103	101	104	70	30	
104	102	105	101	92	58	83	85	
105	103	106	102	60	127	119	
106	104	107	103	
107	105	108	104	118	
108	106	109	105	123	83	
109	107	110	106	
110	108	111	107	36	
111	109	112	108	50	
112	110	113	109	
113	111	114	110	
114	112	115	111	53	117	
115	113	116	112	73	118	47	
116	114	117	113	61	
117	115	118	114	120	
118	116	119	115	75	113	
119	117	120	116	35	83	73	121	106	80	32	114	88	
120	118	121	117	75	55	126	60	104	
121	119	122	118	116	
122	120	123	119	118	52	
123	121	124	120	
124	122	125	121	27	32	53	107	25	
125	123	126	122	7	
126	124	123	7	
127	125	124	75	119	5	
126	1	104	
