128	668

2	3	127	99	4	32	40	
3	1	4	98	
4	2	5	1	46	66	47	120	48	
5	3	6	2	66	1	98	19	
6	4	7	3	81	22	
7	5	8	4	82	
8	6	9	5	83	16	45	
9	7	10	6	11	82	28	
10	8	11	7	63	49	43	
11	9	12	8	
12	10	13	9	36	79	8	121	14	53	
13	11	14	10	121	
14	12	15	11	109	24	
15	13	16	12	22	21	19	11	
16	14	17	13	26	113	111	104	58	
17	15	18	14	19	91	7	56	
18	16	19	15	111	
19	17	20	16	42	
20	18	21	17	16	64	14	4	
21	19	22	18	103	23	
22	20	23	19	14	27	
23	21	24	20	5	14	80	
24	22	25	21	54	20	59	
25	23	26	22	33	13	
26	24	27	23	118	64	
27	25	28	24	97	99	15	103	
28	26	29	25	97	21	123	120	
29	27	30	26	32	103	8	
30	28	31	27	127	35	126	
31	29	32	28	61	35	36	60	59	62	
32	30	33	29	84	
33	31	34	30	28	1	
34	32	35	31	73	88	24	
35	33	32	91	
36	34	37	33	30	29	109	99	
37	35	11	30	105	
38	36	39	35	120	40	91	
39	37	40	47	
40	38	41	37	114	118	
41	39	42	38	37	1	
42	40	43	39	123	
43	41	44	40	18	
44	42	45	41	102	9	
45	43	46	42	81	84	
46	44	47	43	48	107	72	111	7	
47	45	48	44	3	79	
48	46	49	45	38	54	3	93	118	
49	47	50	46	45	107	3	
50	48	51	47	9	
51	49	52	48	54	57	
52	50	53	49	98	
53	51	54	50	109	55	93	
54	52	55	51	109	11	64	
55	53	56	52	47	23	50	57	
56	54	57	53	106	52	100	
57	55	58	54	120	65	16	62	
58	56	59	55	54	50	89	119	
59	57	60	56	15	
60	58	61	57	30	86	23	
61	59	62	58	30	
62	60	63	59	30	
63	61	64	60	91	30	56	
64	62	65	61	9	112	115	116	106	
65	63	66	62	19	53	25	
66	64	67	63	114	56	120	
67	65	68	64	4	3	
68	66	69	65	126	
69	67	70	66	104	
70	68	71	67	127	89	
71	69	72	68	84	
72	70	73	69	84	
73	71	74	70	107	45	88	98	
74	72	75	71	33	120	95	78	
75	73	76	72	103	
74	77	73	102	79	
77	78	74	103	113	
78	76	79	75	
79	77	80	76	73	
80	78	81	77	11	106	46	75	
81	79	82	78	22	
82	80	83	79	5	44	106	
83	81	84	80	8	6	
84	82	85	81	7	
85	83	86	82	71	70	44	31	118	
86	84	87	83	
87	85	88	84	126	89	59	
88	86	89	85	122	115	97	
89	87	90	86	95	33	72	
90	88	91	87	69	86	57	
91	89	92	88	
92	90	93	89	123	97	62	16	37	127	96	34	
93	91	94	90	95	112	120	
94	92	95	91	52	47	120	
95	93	96	92	105	
96	94	97	93	88	92	73	
97	95	98	94	91	111	
98	96	99	95	27	26	120	91	124	87	
99	97	100	96	51	103	4	2	72	
100	98	101	97	1	26	35	
101	99	102	98	103	55	
102	100	103	99	125	
101	104	100	75	43	
104	105	101	76	100	26	20	98	74	28	
105	103	106	102	68	15	
106	104	107	103	94	36	
107	105	108	104	55	81	79	63	
108	106	109	105	45	72	48	
109	107	110	106	
110	108	111	107	52	53	35	13	
111	109	112	108	
112	110	113	109	45	15	17	96	
113	111	114	110	116	63	92	
114	112	115	111	15	76	
115	113	116	112	39	65	
116	114	117	113	63	87	
117	115	118	114	112	63	
118	116	119	115	
119	117	120	116	39	25	84	47	
120	118	117	57	
121	119	122	118	73	37	56	97	65	93	92	3	27	
122	120	123	11	12	
123	121	124	120	87	
124	122	125	121	91	41	27	
125	123	126	122	97	
126	124	127	123	101	
127	125	124	86	29	67	
126	1	125	29	69	91	
128	668

2	3	127	99	4	32	40	
3	1	4	98	
4	2	5	1	46	66	47	120	48	
5	3	6	2	66	1	98	19	
6	4	7	3	81	22	
7	5	8	4	82	
8	6	9	5	83	16	45	
9	7	10	6	11	82	28	
10	8	11	7	63	49	43	
11	9	12	8	
12	10	13	9	36	79	8	121	14	53	
13	11	14	10	121	
14	12	15	11	109	24	
15	13	16	12	22	21	19	11	
16	14	17	13	26	113	111	104	58	
17	15	18	14	19	91	7	56	
18	16	19	15	111	
19	17	20	16	42	
20	18	21	17	16	64	14	4	
21	19	22	18	103	23	
22	20	23	19	14	27	
23	21	24	20	5	14	80	
24	22	25	21	54	20	59	
25	23	26	22	33	13	
26	24	27	23	118	64	
27	25	28	24	97	99	15	103	
28	26	29	25	97	21	123	120	
29	27	30	26	32	103	8	
30	28	31	27	127	35	126	
31	29	32	28	61	35	36	60	59	62	
32	30	33	29	84	
33	31	34	30	28	1	
34	32	35	31	73	88	24	
35	33	32	91	
36	34	37	33	30	29	109	99	
37	35	11	30	105	
38	36	39	35	120	40	91	
39	37	40	47	
40	38	41	37	114	118	
41	39	42	38	37	1	
42	40	43	39	123	
43	41	44	40	18	
44	42	45	41	102	9	
45	43	46	42	81	84	
46	44	47	43	48	107	72	111	7	
47	45	48	44	3	79	
48	46	49	45	38	54	3	93	118	
49	47	50	46	45	107	3	
50	48	51	47	9	
51	49	52	48	54	57	
52	50	53	49	98	
53	51	54	50	109	55	93	
54	52	55	51	109	11	64	
55	53	56	52	47	23	50	57	
56	54	57	53	106	52	100	
57	55	58	54	120	65	16	62	
58	56	59	55	54	50	89	119	
59	57	60	56	15	
60	58	61	57	30	86	23	
61	59	62	58	30	
62	60	63	59	30	
63	61	64	60	91	30	56	
64	62	65	61	9	112	115	116	106	
65	63	66	62	19	53	25	
66	64	67	63	114	56	120	
67	65	68	64	4	3	
68	66	69	65	126	
69	67	70	66	104	
70	68	71	67	127	89	
71	69	72	68	84	
72	70	73	69	84	
73	71	74	70	107	45	88	98	
74	72	75	71	33	120	95	78	
75	73	76	72	103	
74	77	73	102	79	
77	78	74	103	113	
78	76	79	75	
79	77	80	76	73	
80	78	81	77	11	106	46	75	
81	79	82	78	22	
82	80	83	79	5	44	106	
83	81	84	80	8	6	
84	82	85	81	7	
85	83	86	82	71	70	44	31	118	
86	84	87	83	
87	85	88	84	126	89	59	
88	86	89	85	122	115	97	
89	87	90	86	95	33	72	
90	88	91	87	69	86	57	
91	89	92	88	
92	90	93	89	123	97	62	16	37	127	96	34	
93	91	94	90	95	112	120	
94	92	95	91	52	47	120	
95	93	96	92	105	
96	94	97	93	88	92	73	
97	95	98	94	91	111	
98	96	99	95	27	26	120	91	124	87	
99	97	100	96	51	103	4	2	72	
100	98	101	97	1	26	35	
101	99	102	98	103	55	
102	100	103	99	125	
101	104	100	75	43	
104	105	101	76	100	26	20	98	74	28	
105	103	106	102	68	15	
106	104	107	103	94	36	
107	105	108	104	55	81	79	63	
108	106	109	105	45	72	48	
109	107	110	106	
110	108	111	107	52	53	35	13	
111	109	112	108	
112	110	113	109	45	15	17	96	
113	111	114	110	116	63	92	
114	112	115	111	15	76	
115	113	116	112	39	65	
116	114	117	113	63	87	
117	115	118	114	112	63	
118	116	119	115	
119	117	120	116	39	25	84	47	
120	118	117	57	
121	119	122	118	73	37	56	97	65	93	92	3	27	
122	120	123	11	12	
123	121	124	120	87	
124	122	125	121	91	41	27	
125	123	126	122	97	
126	124	127	123	101	
127	125	124	86	29	67	
126	1	125	29	69	91	
