128	653

2	3	127	5	126	68	56	
3	1	4	62	
4	2	5	1	83	
5	3	6	2	81	
6	4	7	3	48	8	1	69	12	88	14	
7	5	8	4	
8	6	9	5	
9	7	10	6	15	5	88	90	127	76	72	
10	8	11	7	102	
11	9	12	8	58	103	121	
12	10	13	9	14	83	
13	11	14	10	5	108	71	
14	12	15	11	16	30	34	110	
15	13	16	12	11	5	
16	14	17	13	8	75	76	74	
17	15	18	14	13	116	32	127	
18	16	19	15	22	
19	17	20	16	116	21	105	70	
18	21	17	37	85	20	
21	22	18	105	19	57	
22	20	23	19	18	63	113	101	
23	21	24	20	17	52	
24	22	25	21	101	
25	23	26	22	96	102	37	101	
26	24	27	23	
27	25	28	24	114	81	
28	26	29	25	38	40	30	
29	27	30	26	101	
30	28	31	27	
31	29	32	28	13	34	27	
32	30	33	29	58	
33	31	34	30	119	69	16	
34	32	35	31	121	50	45	
35	33	36	32	13	81	77	30	
36	34	37	33	58	
37	35	38	34	40	77	53	
38	36	39	35	43	19	24	63	76	
39	37	40	36	27	100	75	
40	38	41	37	68	109	93	
41	39	42	38	36	27	75	
42	40	43	39	94	
43	41	44	40	80	114	121	
44	42	45	41	117	37	
45	43	46	42	114	117	83	
46	44	47	43	107	33	
47	45	48	44	
48	46	49	45	92	93	98	
49	47	50	46	5	96	52	
50	48	51	47	
51	49	52	48	33	
52	50	53	49	
53	51	54	50	48	22	127	111	
54	52	55	51	57	36	56	
55	53	56	52	86	57	
56	54	57	53	116	79	80	
57	55	58	54	60	53	1	
58	56	59	55	53	54	20	
59	57	60	56	31	97	10	35	
60	58	61	57	
61	59	62	58	56	107	
62	60	63	59	127	
63	61	64	60	2	
64	62	65	61	80	21	37	
65	63	66	62	68	
66	64	67	63	99	
67	65	68	64	
68	66	69	65	126	103	
69	67	70	66	64	39	1	94	96	
70	68	71	67	124	126	5	32	
71	69	72	68	18	95	
72	70	73	69	74	12	
73	71	74	70	8	
74	72	75	71	
75	73	76	72	71	15	
76	74	77	73	15	84	86	79	38	40	
77	75	78	74	86	107	15	123	8	37	
78	76	79	75	36	34	125	
79	77	80	76	
80	78	81	77	55	75	114	
81	79	82	78	42	63	55	
82	80	79	34	115	26	4	
83	81	84	80	115	
84	82	85	102	11	3	44	
85	83	86	82	75	87	
86	84	87	83	102	19	103	
87	85	88	84	89	76	54	75	
88	86	89	85	84	
89	87	90	86	8	5	
90	88	91	87	86	
91	89	92	88	8	
92	90	93	89	
93	91	94	90	104	47	
94	92	95	91	47	104	39	
95	93	96	92	119	97	68	41	
96	94	97	93	70	
97	95	98	94	24	48	68	
98	96	99	95	94	58	
99	97	100	96	47	126	
100	98	101	97	65	
101	99	102	98	38	103	
102	100	103	99	28	21	24	23	
103	101	104	100	9	83	24	85	
104	102	105	101	67	85	100	10	
105	103	106	102	92	93	
106	104	107	103	18	20	
107	105	108	104	
108	106	109	105	76	45	120	60	
109	107	110	106	12	
110	108	111	107	39	
111	109	112	108	123	13	
112	110	113	109	52	
113	111	114	110	
114	112	115	111	21	
115	113	116	112	118	117	44	42	26	79	
116	114	117	113	81	82	
117	115	118	114	18	55	16	
118	116	119	115	43	114	44	
119	117	120	116	114	
120	118	121	117	32	94	
121	119	122	118	107	
122	120	123	119	33	42	10	
123	121	124	120	
124	122	125	121	110	76	
125	123	126	122	69	
126	124	127	123	77	
127	125	124	69	1	67	98	
126	1	125	52	61	8	16	
128	653

2	3	127	5	126	68	56	
3	1	4	62	
4	2	5	1	83	
5	3	6	2	81	
6	4	7	3	48	8	1	69	12	88	14	
7	5	8	4	
8	6	9	5	
9	7	10	6	15	5	88	90	127	76	72	
10	8	11	7	102	
11	9	12	8	58	103	121	
12	10	13	9	14	83	
13	11	14	10	5	108	71	
14	12	15	11	16	30	34	110	
15	13	16	12	11	5	
16	14	17	13	8	75	76	74	
17	15	18	14	13	116	32	127	
18	16	19	15	22	
19	17	20	16	116	21	105	70	
18	21	17	37	85	20	
21	22	18	105	19	57	
22	20	23	19	18	63	113	101	
23	21	24	20	17	52	
24	22	25	21	101	
25	23	26	22	96	102	37	101	
26	24	27	23	
27	25	28	24	114	81	
28	26	29	25	38	40	30	
29	27	30	26	101	
30	28	31	27	
31	29	32	28	13	34	27	
32	30	33	29	58	
33	31	34	30	119	69	16	
34	32	35	31	121	50	45	
35	33	36	32	13	81	77	30	
36	34	37	33	58	
37	35	38	34	40	77	53	
38	36	39	35	43	19	24	63	76	
39	37	40	36	27	100	75	
40	38	41	37	68	109	93	
41	39	42	38	36	27	75	
42	40	43	39	94	
43	41	44	40	80	114	121	
44	42	45	41	117	37	
45	43	46	42	114	117	83	
46	44	47	43	107	33	
47	45	48	44	
48	46	49	45	92	93	98	
49	47	50	46	5	96	52	
50	48	51	47	
51	49	52	48	33	
52	50	53	49	
53	51	54	50	48	22	127	111	
54	52	55	51	57	36	56	
55	53	56	52	86	57	
56	54	57	53	116	79	80	
57	55	58	54	60	53	1	
58	56	59	55	53	54	20	
59	57	60	56	31	97	10	35	
60	58	61	57	
61	59	62	58	56	107	
62	60	63	59	127	
63	61	64	60	2	
64	62	65	61	80	21	37	
65	63	66	62	68	
66	64	67	63	99	
67	65	68	64	
68	66	69	65	126	103	
69	67	70	66	64	39	1	94	96	
70	68	71	67	124	126	5	32	
71	69	72	68	18	95	
72	70	73	69	74	12	
73	71	74	70	8	
74	72	75	71	
75	73	76	72	71	15	
76	74	77	73	15	84	86	79	38	40	
77	75	78	74	86	107	15	123	8	37	
78	76	79	75	36	34	125	
79	77	80	76	
80	78	81	77	55	75	114	
81	79	82	78	42	63	55	
82	80	79	34	115	26	4	
83	81	84	80	115	
84	82	85	102	11	3	44	
85	83	86	82	75	87	
86	84	87	83	102	19	103	
87	85	88	84	89	76	54	75	
88	86	89	85	84	
89	87	90	86	8	5	
90	88	91	87	86	
91	89	92	88	8	
92	90	93	89	
93	91	94	90	104	47	
94	92	95	91	47	104	39	
95	93	96	92	119	97	68	41	
96	94	97	93	70	
97	95	98	94	24	48	68	
98	96	99	95	94	58	
99	97	100	96	47	126	
100	98	101	97	65	
101	99	102	98	38	103	
102	100	103	99	28	21	24	23	
103	101	104	100	9	83	24	85	
104	102	105	101	67	85	100	10	
105	103	106	102	92	93	
106	104	107	103	18	20	
107	105	108	104	
108	106	109	105	76	45	120	60	
109	107	110	106	12	
110	108	111	107	39	
111	109	112	108	123	13	
112	110	113	109	52	
113	111	114	110	
114	112	115	111	21	
115	113	116	112	118	117	44	42	26	79	
116	114	117	113	81	82	
117	115	118	114	18	55	16	
118	116	119	115	43	114	44	
119	117	120	116	114	
120	118	121	117	32	94	
121	119	122	118	107	
122	120	123	119	33	42	10	
123	121	124	120	
124	122	125	121	110	76	
125	123	126	122	69	
126	124	127	123	77	
127	125	124	69	1	67	98	
126	1	125	52	61	8	16	
